aminobenzonitrile
C*v
0.278
0 1
C    -0.000000    -0.000000     1.711853
C     1.205623     0.000000     0.995504
C    -1.205623    -0.000000     0.995504
C     0.000000     0.000000    -1.096650
C     1.203091     0.000000    -0.386728
C    -1.203091    -0.000000    -0.386728
C     0.000000     0.000000    -2.521976
N    -0.000000    -0.000000     3.077392
N     0.000000     0.000000    -3.685123
H     2.141980     0.000000     1.530827
H    -2.141980    -0.000000     1.530827
H     2.136312     0.000000    -0.925420
H    -2.136312    -0.000000    -0.925420
H    -0.858204    -0.000000     3.589308
H     0.858204     0.000000     3.589308

