aniline
C*v
0.280
0 1
C    -0.000000    -0.000000     0.936726
C     1.202905     0.000000     0.221351
C    -1.202905    -0.000000     0.221351
C     0.000000     0.000000    -1.876651
C     1.197674     0.000000    -1.167052
C    -1.197674    -0.000000    -1.167052
N    -0.000000    -0.000000     2.310403
H     2.137783     0.000000    -1.695671
H    -2.137783    -0.000000    -1.695671
H     0.000000     0.000000    -2.953450
H     2.138937     0.000000     0.758782
H    -2.138937    -0.000000     0.758782
H    -0.857995    -0.000000     2.821183
H     0.857995     0.000000     2.821183

