azulene
C*v
0.266
0 1
C    -0.000000    -0.000000     2.699393
C     1.147253     0.000000     1.891908
C    -1.147253    -0.000000     1.891908
C     0.743815     0.000000     0.550615
C    -0.743815    -0.000000     0.550615
C     0.000000     0.000000    -2.493604
C     1.262551     0.000000    -1.902660
C    -1.262551    -0.000000    -1.902660
C     1.588370     0.000000    -0.547781
C    -1.588370    -0.000000    -0.547781
H    -0.000000    -0.000000     3.775781
H     2.167806     0.000000     2.232846
H    -2.167806    -0.000000     2.232846
H     0.000000     0.000000    -3.574767
H     2.098267     0.000000    -2.586688
H    -2.098267    -0.000000    -2.586688
H     2.646136     0.000000    -0.316524
H    -2.646136    -0.000000    -0.316524
