benzothiadiazole
C*v
0.272
0 1
S     0.000000     0.000000     2.250730
N     1.259415     0.000000     1.213609
N    -1.259415    -0.000000     1.213609
C     0.716848     0.000000    -0.013478
C    -0.716848    -0.000000    -0.013478
C     1.432000     0.000000    -1.238571
C    -1.432000    -0.000000    -1.238571
C     0.714202     0.000000    -2.401860
C    -0.714202    -0.000000    -2.401860
H     2.508571     0.000000    -1.229980
H    -2.508571    -0.000000    -1.229980
H     1.231083     0.000000    -3.347666
H    -1.231083    -0.000000    -3.347666
