benzonitrile
C*v
0.268
0 1
C    -0.000000    -0.000000     2.035302
C    -0.000000    -0.000000     0.604948
C     1.210548     0.000000    -0.089930
C    -1.210548    -0.000000    -0.089930
C     0.000000     0.000000    -2.173187
C     1.206839     0.000000    -1.478459
C    -1.206839    -0.000000    -1.478459
N    -0.000000    -0.000000     3.197491
H     2.137508     0.000000     0.458673
H    -2.137508    -0.000000     0.458673
H     2.140821     0.000000    -2.015392
H    -2.140821    -0.000000    -2.015392
H     0.000000     0.000000    -3.250706

