beta-dipeptide
C*v
0.307
0 1
C     4.176665    -0.794878    -0.000000
C     2.968277     0.119136     0.000000
C     0.523442     0.276941     0.000000
C    -0.671636    -0.661542    -0.000000
C    -1.983922     0.110074     0.000000
C    -4.439488    -0.120887    -0.000000
O     3.073398     1.347782     0.000000
O    -2.023612     1.342429     0.000000
N    -3.100112    -0.676812    -0.000000
N     1.753092    -0.500351    -0.000000
H     3.921921    -1.857687    -0.000000
H     4.782444    -0.572857     0.881180
H     4.782444    -0.572857    -0.881180
H     1.704302    -1.509374    -0.000000
H     0.495403     0.931437     0.875314
H     0.495403     0.931437    -0.875314
H    -0.641583    -1.314718     0.882224
H    -0.641583    -1.314718    -0.882224
H    -2.986656    -1.681388    -0.000000
H    -4.334141     0.963260     0.000000
H    -4.993559    -0.428571     0.891259
H    -4.993559    -0.428571    -0.891259

