dimethylaniline
C*v
0.266
0 1
C     0.000000     0.000000     2.641975
C     1.194376     0.000000     1.929976
C    -1.194376     0.000000     1.929976
C     1.203416     0.000000     0.541962
C    -1.203416     0.000000     0.541962
C     0.000000     0.000000    -0.185324
C     1.249595     0.000000    -2.275996
C    -1.249595     0.000000    -2.275996
N     0.000000     0.000000    -1.557595
H     2.148048     0.000000     0.027674
H    -2.148048     0.000000     0.027674
H     2.136133     0.000000     2.456049
H    -2.136133     0.000000     2.456049
H     0.000000     0.000000     3.718682
H     1.042587     0.000000    -3.341347
H    -1.042587     0.000000    -3.341347
H     1.851065    -0.883490    -2.047868
H     1.851065     0.883490    -2.047868
H    -1.851065     0.883490    -2.047868
H    -1.851065    -0.883490    -2.047868


