dipeptide
C*v
0.263
0 1
C     2.333868    -0.167117    -0.000000
C     3.382368     0.924771    -0.000000
C    -0.046988    -0.662667    -0.000000
C    -1.349036     0.126662     0.000000
C    -3.785482     0.015909     0.000000
O     2.606985    -1.372335    -0.000000
O    -1.371027     1.363231     0.000000
N     1.045854     0.271224    -0.000000
N    -2.479632    -0.620336     0.000000
H     0.789118     1.252854     0.000000
H     3.281232     1.559642    -0.885009
H     3.281232     1.559642     0.885009
H     4.366993     0.458591    -0.000000
H    -0.001219    -1.318485    -0.879466
H    -0.001219    -1.318485     0.879466
H    -2.412612    -1.628828    -0.000000
H    -3.906639     0.643797    -0.885552
H    -3.906639     0.643797     0.885552
H    -4.549835    -0.761261     0.000000


