dmabn
C*v
0.263
0 1
C     0.925803    -0.000040     0.105642
C     0.192469     1.207609     0.078258
C     0.192633    -1.207806     0.078306
C    -1.195653    -1.207910     0.028191
C    -1.195825     1.207544     0.028161
C    -1.906608    -0.000246     0.007454
C    -3.338070    -0.000221    -0.049475
C     3.015523     1.233598    -0.120151
C     3.015774    -1.233252    -0.120274
N     2.313031     0.000081     0.203665
N    -4.521147     0.000456    -0.095933
H    -1.735208     2.151378     0.004721
H     0.701965     2.164048     0.084172
H     0.702265    -2.164191     0.084212
H    -1.734882    -2.151836     0.004819
H     2.732790     2.027390     0.575203
H     2.823568     1.579075    -1.146895
H     4.086328     1.062830    -0.002381
H     2.733975    -2.026945     0.575579
H     2.823131    -1.579173    -1.146742
H     4.086609    -1.061988    -0.003485


