nitrodimethylaniline
C*v
0.263
0 1
C     0.000000    -0.000000     1.307974
C     1.208042     0.000000     0.579861
C    -1.208042    -0.000000     0.579861
C    -0.000000     0.000000    -1.486611
C     1.205579     0.000000    -0.801815
C    -1.205579    -0.000000    -0.801815
C     1.251526     0.000000     3.393204
C    -1.251526    -0.000000     3.393204
N     0.000000    -0.000000     2.670189
N    -0.000000     0.000000    -2.939973
O     1.084589     0.000000    -3.508886
O    -1.084589    -0.000000    -3.508886
H     2.152075     0.000000     1.093543
H    -2.152075    -0.000000     1.093543
H     2.126799     0.000000    -1.356142
H    -2.126799    -0.000000    -1.356142
H     1.041018     0.000000     4.457211
H    -1.041018    -0.000000     4.457211
H     1.849465     0.884351     3.164569
H     1.849465    -0.884351     3.164569
H    -1.849465    -0.884351     3.164569
H    -1.849465     0.884351     3.164569


