nitroaniline
C*v
0.275
0 1
C    -0.000000     0.000000     2.072602
C     1.206886    -0.000000     1.357659
C    -1.206886     0.000000     1.357659
C     0.000000    -0.000000    -0.705894
C     1.208156    -0.000000    -0.024177
C    -1.208156     0.000000    -0.024177
N     0.000000    -0.000000    -2.160649
N    -0.000000     0.000000     3.436958
O     1.084539    -0.000000    -2.728763
O    -1.084539     0.000000    -2.728763
H     2.142105    -0.000000     1.894160
H    -2.142105     0.000000     1.894160
H     2.127465    -0.000000    -0.581078
H    -2.127465     0.000000    -0.581078
H    -0.857967     0.000000     3.948922
H     0.857967    -0.000000     3.948922



