phthalazine
C*v
0.271
0 1
C    -0.700945     0.000000    -0.010869
C     0.700945    -0.000000    -0.010869
C    -1.404894    -0.000000     1.209204
C     1.404894    -0.000000     1.209204
C    -0.706507    -0.000000     2.393757
C     0.706507    -0.000000     2.393757
C    -1.321917     0.000000    -1.285900
C     1.321917     0.000000    -1.285900
N    -0.685683     0.000000    -2.430814
N     0.685683     0.000000    -2.430814
H    -2.484008    -0.000000     1.201552
H     2.484008    -0.000000     1.201552
H    -1.235833    -0.000000     3.332540
H     1.235833    -0.000000     3.332540
H    -2.401740     0.000000    -1.355555
H     2.401740     0.000000    -1.355555

