PP
C*v
0.261
0 1
C     0.000000     0.000000     0.409802
C     1.200975     0.000000     1.118907
C    -1.200975     0.000000     1.118907
C     0.000000     0.000000     3.214405
C     1.196938     0.000000     2.507677
C    -1.196938     0.000000     2.507677
C     1.117566     0.000000    -1.808159
C    -1.117566     0.000000    -1.808159
C     0.711521     0.000000    -3.115956
C    -0.711521     0.000000    -3.115956
N     0.000000     0.000000    -0.998381
H     2.140679     0.000000     0.596774
H    -2.140679     0.000000     0.596774
H     2.137446     0.000000     3.034228
H    -2.137446     0.000000     3.034228
H     0.000000     0.000000     4.291289
H     2.106093     0.000000    -1.399375
H    -2.106093     0.000000    -1.399375
H     1.359951     0.000000    -3.970375
H    -1.359951     0.000000    -3.970375


