quinoxaline
C*v
0.268
0 1
C    -0.708217    -0.000000    -0.043106
C     0.708217     0.000000    -0.043106
C    -1.404008    -0.000000     1.186577
C     1.404008    -0.000000     1.186577
C    -0.707605    -0.000000     2.368341
C     0.707605    -0.000000     2.368341
C    -0.708762     0.000000    -2.308751
C     0.708762     0.000000    -2.308751
N    -1.420364     0.000000    -1.205153
N     1.420364     0.000000    -1.205153
H    -2.481396    -0.000000     1.157875
H     2.481396    -0.000000     1.157875
H    -1.238131    -0.000000     3.306541
H     1.238131    -0.000000     3.306541
H    -1.245524     0.000000    -3.246714
H     1.245524     0.000000    -3.246714


