twisted_dmabn
C*v
0.260
0 1
C    -0.000000    -0.000000     0.902669
C     1.202424     0.000000     0.191925
C    -1.202424    -0.000000     0.191925
C     0.000000     0.000000    -1.892391
C     1.208272     0.000000    -1.194894
C    -1.208272    -0.000000    -1.194894
C     0.000000     0.000000    -3.322431
C     0.000000    -1.265748     2.996297
C    -0.000000     1.265748     2.996297
N    -0.000000    -0.000000     2.309251
N     0.000000     0.000000    -4.483518
H     2.131409     0.000000     0.738864
H    -2.131409    -0.000000     0.738864
H     2.136840     0.000000    -1.741049
H    -2.136840    -0.000000    -1.741049
H     0.000000    -1.086179     4.068600
H    -0.000000     1.086179     4.068600
H     0.882974    -1.867568     2.760007
H    -0.882974    -1.867568     2.760007
H    -0.882974     1.867568     2.760007
H     0.882974     1.867568     2.760007


