(PPV)n Structures

n=1
  C     0.520552     0.225942     0.000000
  C    -0.411741     1.290876     0.000000
  H    -0.037140     2.329241     0.000000
  C    -1.793625     1.049862     0.000000
  H    -2.497962     1.898543     0.000000
  C    -2.277760    -0.267573     0.000000
  H    -3.363226    -0.461618     0.000000
  C    -1.365908    -1.339229    -0.000000
  H    -1.736320    -2.378126    -0.000000
  C     0.012540    -1.096048    -0.000000
  H     0.710352    -1.949182    -0.000000
  C     1.961304     0.533762     0.000000
  H     2.198619     1.614994     0.000000
  C     2.994355    -0.338151    -0.000000
  H     4.036969     0.023143    -0.000000
  H     2.850407    -1.433647    -0.000000

n=2
  C     1.060405    -0.180960     0.000110
  C     1.619526     1.122230     0.000267
  H     0.957629     2.003275     0.000432
  C     3.001861     1.314925     0.000245
  H     3.403797     2.342861     0.000370
  C     3.908479     0.224286     0.000065
  C     3.351709    -1.077859    -0.000057
  H     4.016240    -1.956948    -0.000148
  C     1.970236    -1.272014    -0.000041
  H     1.568862    -2.300089    -0.000139
  C    -0.376303    -0.451745     0.000090
  H    -0.636048    -1.526721     0.000123
  C    -1.390077     0.461365     0.000006
  H    -1.131101     1.536606    -0.000075
  C    -2.829175     0.187709    -0.000015
  C    -3.736383     1.277933    -0.000230
  H    -3.335267     2.306148    -0.000378
  C    -5.123028     1.074307    -0.000260
  H    -5.803571     1.942171    -0.000430
  C    -5.644208    -0.229569    -0.000074
  H    -6.734473    -0.393776    -0.000096
  C    -4.761108    -1.325409     0.000142
  H    -5.159161    -2.353997     0.000289
  C    -3.377095    -1.121215     0.000171
  H    -2.705925    -1.995299     0.000362
  C     5.354094     0.486585     0.000017
  H     5.626213     1.559637     0.000309
  C     6.360483    -0.418187    -0.000363
  H     7.413753    -0.089466    -0.000354
  H     6.182550    -1.508690    -0.000694

n=3
  C     0.547523    -0.213022     0.001383
  C    -0.015213     1.090039     0.001477
  H     0.644779     1.972420     0.001660
  C    -1.395930     1.280733     0.001457
  H    -1.798717     2.308219     0.001532
  C    -2.305571     0.188530     0.001342
  C    -1.743221    -1.114458     0.001510
  H    -2.403715    -1.996515     0.001744
  C    -0.362329    -1.305394     0.001520
  H     0.040437    -2.332902     0.001653
  C     1.982567    -0.478872     0.001137
  H     2.248327    -1.552373     0.001604
  C     2.992994     0.441442     0.000315
  H     2.726218     1.514630    -0.000224
  C     4.429415     0.178688    -0.000006
  C     4.996021    -1.121925     0.000113
  H     4.339017    -2.006557     0.000494
  C     6.379123    -1.307029    -0.000264
  H     6.786514    -2.332765    -0.000180
  C     7.280064    -0.211458    -0.000741
  C     6.716185     1.087946    -0.000862
  H     7.376149     1.970417    -0.001228
  C     5.334053     1.274850    -0.000525
  H     4.927273     2.300744    -0.000646
  C    -3.740911     0.457170     0.001013
  H    -4.002338     1.531688     0.001637
  C    -4.754525    -0.457422    -0.000083
  H    -4.494567    -1.532361    -0.000785
  C    -6.193166    -0.184430    -0.000512
  C    -7.100245    -1.275002    -0.001164
  H    -6.698861    -2.303089    -0.001309
  C    -8.486870    -1.071703    -0.001595
  H    -9.167217    -1.939701    -0.002066
  C    -9.008444     0.232050    -0.001430
  H   -10.098733     0.395941    -0.001810
  C    -8.125637     1.328207    -0.000812
  H    -8.524082     2.356625    -0.000705
  C    -6.741655     1.124514    -0.000364
  H    -6.070816     1.998808     0.000088
  C     8.726797    -0.466039    -0.001092
  H     9.004918    -1.537512    -0.001083
  C     9.728481     0.444194    -0.001383
  H    10.783422     0.120911    -0.001617
  H     9.544961     1.533722    -0.001385

n=4
  C     1.062038    -0.167414    -0.000729
  C     1.630309     1.133715    -0.001232
  H     0.973628     2.018592    -0.001753
  C     3.011697     1.318735    -0.001052
  H     3.418683     2.344563    -0.001418
  C     3.917312     0.222505    -0.000387
  C     3.348962    -1.078506     0.000091
  H     4.005310    -1.963587     0.000656
  C     1.967902    -1.263610    -0.000089
  H     1.560998    -2.289451     0.000295
  C    -0.372430    -0.430034    -0.000871
  H    -0.638984    -1.503273    -0.000340
  C    -1.384527     0.489822    -0.001487
  H    -1.120192     1.563665    -0.001890
  C    -2.818354     0.221216    -0.001508
  C    -3.378158    -1.083388    -0.001490
  H    -2.716142    -1.964249    -0.001709
  C    -4.758250    -1.277364    -0.001261
  H    -5.158646    -2.305799    -0.001254
  C    -5.670630    -0.187330    -0.001064
  C    -5.111437     1.117153    -0.001269
  H    -5.774196     1.997534    -0.001308
  C    -3.731122     1.311504    -0.001478
  H    -3.330774     2.339977    -0.001609
  C     5.352995     0.482249    -0.000174
  H     5.623438     1.554580    -0.000397
  C     6.359643    -0.442585     0.000258
  H     6.088148    -1.514589     0.000333
  C    -7.105007    -0.459866    -0.000659
  H    -7.363262    -1.535150    -0.000997
  C    -8.121570     0.451571     0.000172
  H    -7.865262     1.527390     0.000552
  C     7.796995    -0.186178     0.000557
  C     8.369450     1.111964     0.001177
  H     7.716472     1.999564     0.001635
  C     9.753323     1.290885     0.001329
  H    10.165179     2.314822     0.001844
  C    10.649437     0.191324     0.000874
  C    10.079749    -1.105603     0.000324
  H    10.735750    -1.991024     0.000049
  C     8.696849    -1.286365     0.000177
  H     8.285635    -2.310477    -0.000255
  C    -9.559178     0.173447     0.000713
  C   -10.470291     1.260675     0.001192
  H   -10.072596     2.290218     0.001098
  C   -11.856155     1.052209     0.001780
  H   -12.539752     1.917655     0.002124
  C   -12.372853    -0.253488     0.001941
  H   -13.462531    -0.421447     0.002446
  C   -11.485991    -1.346370     0.001470
  H   -11.880642    -2.376257     0.001591
  C   -10.102783    -1.137539     0.000848
  H    -9.428719    -2.009366     0.000487
  C    12.097235     0.439534     0.001061
  H    12.380071     1.509780     0.001848
  C    13.094921    -0.475103     0.000406
  H    14.151274    -0.156449     0.000672
  H    12.906638    -1.563819    -0.000402

n=5
  C     0.550762    -0.261834    -0.006738
  C    -0.014348     1.040926    -0.007313
  H     0.644296     1.924241    -0.007851
  C    -1.394629     1.229760    -0.007317
  H    -1.798855     2.256642    -0.007822
  C    -2.303612     0.136019    -0.006608
  C    -1.738896    -1.166852    -0.006319
  H    -2.398249    -2.049725    -0.006086
  C    -0.358131    -1.355746    -0.006456
  H     0.046172    -2.382624    -0.006203
  C    -3.736802     0.403565    -0.006230
  H    -3.999147     1.477792    -0.007764
  C    -4.753220    -0.511730    -0.004037
  H    -4.494378    -1.586881    -0.002299
  C     1.985206    -0.524187    -0.006200
  H     2.254844    -1.596682    -0.006652
  C     2.992872     0.401015    -0.004952
  H     2.720363     1.472710    -0.004304
  C     4.428482     0.146669    -0.004195
  C     5.004827    -1.151059    -0.005200
  H     4.353607    -2.039908    -0.006778
  C     6.387270    -1.327577    -0.004267
  H     6.800445    -2.350876    -0.005056
  C     7.286233    -0.225807    -0.002160
  C     6.709781     1.071756    -0.001284
  H     7.360593     1.960851     0.000195
  C     5.327751     1.248396    -0.002319
  H     4.914697     2.271721    -0.001615
  C    -6.185373    -0.234817    -0.003424
  C    -6.736841     1.073388    -0.005594
  H    -6.069200     1.949951    -0.008207
  C    -8.115554     1.276206    -0.004508
  H    -8.509583     2.307094    -0.006330
  C    -9.034851     0.192010    -0.001084
  C    -8.484124    -1.116104     0.000969
  H    -9.152678    -1.992077     0.003539
  C    -7.105062    -1.319330    -0.000246
  H    -6.711068    -2.350254     0.001445
  C     8.723415    -0.476486    -0.000864
  H     9.000924    -1.546978    -0.002471
  C     9.723971     0.455053     0.002111
  H     9.445140     1.525135     0.003673
  C   -10.467228     0.474340     0.000103
  H   -10.717884     1.551369    -0.002595
  C   -11.490430    -0.429644     0.004069
  H   -11.242284    -1.507332     0.006527
  C    11.162966     0.208572     0.003452
  C    11.744642    -1.085540     0.002919
  H    11.098036    -1.977733     0.001626
  C    13.129704    -1.254657     0.004115
  H    13.548663    -2.275653     0.003680
  C    14.018040    -0.148808     0.005962
  C    13.439170     1.144099     0.006665
  H    14.088872     2.034111     0.008262
  C    12.055077     1.315075     0.005449
  H    11.636766     2.336251     0.006061
  C   -12.925814    -0.140242     0.005485
  C   -13.845509    -1.220193     0.007667
  H   -13.455798    -2.252788     0.008187
  C   -15.229679    -1.000647     0.009314
  H   -15.920190    -1.860544     0.010996
  C   -15.735875     0.309132     0.008919
  H   -16.824144     0.485810     0.010435
  C   -14.840358     1.394924     0.006753
  H   -15.226867     2.427862     0.006424
  C   -13.458875     1.175079     0.005065
  H   -12.777879     2.041467     0.003553
  C    15.467508    -0.386851     0.007092
  H    15.757976    -1.455026     0.006749
  C    16.458674     0.534836     0.008357
  H    17.517224     0.223656     0.009063
  H    16.262732     1.622160     0.008684

n=6
  C     1.061684    -0.002324     0.002528
  C     1.639294     1.294936     0.002462
  H     0.988624     2.184305     0.002291
  C     3.022130     1.469933     0.002508
  H     3.436410     2.492836     0.002253
  C     1.959993    -1.104963     0.002672
  H     1.545908    -2.127890     0.002727
  C     3.341787    -0.930013     0.002746
  H     3.990904    -1.820334     0.002636
  C     3.920194     0.367011     0.002598
  C    -0.373085    -0.258681     0.002581
  H    -0.641597    -1.331373     0.002751
  C    -1.386179     0.660679     0.002411
  H    -1.125177     1.735384     0.002185
  C     5.357772     0.612683     0.001983
  H     5.641432     1.681614     0.000323
  C     6.351944    -0.327060     0.002879
  H     6.062414    -1.394276     0.004624
  C     7.791612    -0.098058     0.001921
  C     8.393116     1.188253     0.001185
  H     7.759577     2.089836     0.001435
  C     9.778924     1.337542     0.000374
  H    10.211589     2.352731    -0.000243
  C    10.656487     0.218577     0.000329
  C    10.054614    -1.067498     0.001197
  H    10.687200    -1.969640     0.000957
  C     8.669551    -1.216909     0.001959
  H     8.237067    -2.232142     0.002597
  C    -2.818178     0.383943     0.002103
  C    -3.367425    -0.925580     0.001759
  H    -2.698488    -1.801152     0.002167
  C    -4.745053    -1.131172     0.000806
  H    -5.137064    -2.162857     0.000563
  C    -5.667306    -0.048615     0.000335
  C    -5.118944     1.261120     0.000659
  H    -5.789447     2.135711    -0.000107
  C    -3.740240     1.466829     0.001535
  H    -3.348081     2.498517     0.001462
  C    -7.096351    -0.336601    -0.000310
  H    -7.341382    -1.414887    -0.002099
  C    -8.128390     0.560873     0.001052
  H    -7.890073     1.640793     0.002815
  C    -9.554922     0.255068     0.000328
  C   -10.078190    -1.064601    -0.000525
  H    -9.392364    -1.927085    -0.000099
  C   -11.452222    -1.296511    -0.001626
  H   -11.825045    -2.335386    -0.002165
  C   -12.394274    -0.232057    -0.001717
  C   -11.872003     1.087575    -0.000886
  H   -12.559159     1.949201    -0.001414
  C   -10.497292     1.319908     0.000134
  H   -10.124485     2.358828     0.000509
  C    12.098497     0.440512    -0.001017
  H    12.397866     1.505116    -0.003548
  C    13.079221    -0.511879     0.000320
  H    12.777379    -1.575691     0.003094
  C    14.523319    -0.297701    -0.001135
  C    15.135208     0.982483    -0.003222
  H    14.510270     1.890009    -0.003747
  C    16.523905     1.118780    -0.004328
  H    16.966376     2.129773    -0.005994
  C    17.386373    -0.007400    -0.003300
  C    16.777304    -1.286505    -0.001134
  H    17.405430    -2.191959    -0.000495
  C    15.389575    -1.424640    -0.000098
  H    14.947767    -2.435846     0.001590
  C   -13.819871    -0.546705    -0.002470
  H   -14.045092    -1.629304    -0.005413
  C   -14.864091     0.332666    -0.000028
  H   -14.642517     1.416100     0.002796
  C   -16.291978     0.007891    -0.000779
  C   -17.237761     1.065008    -0.001268
  H   -16.872540     2.106668    -0.000951
  C   -18.616243     0.811795    -0.002383
  H   -19.327676     1.654516    -0.002903
  C   -19.089889    -0.510065    -0.002982
  H   -20.173506    -0.713691    -0.003957
  C   -18.168034    -1.573600    -0.002243
  H   -18.529492    -2.615642    -0.002406
  C   -16.792271    -1.320161    -0.001123
  H   -16.090532    -2.169948    -0.000098
  C    18.840907     0.197554    -0.004889
  H    19.155363     1.258929    -0.008490
  C    19.811006    -0.746283    -0.002628
  H    20.876379    -0.459148    -0.004424
  H    19.590393    -1.828830     0.001150

n=7
  C    -0.550709    -0.594221     0.122450
  C     0.010432     0.709940     0.156997
  H    -0.650243     1.591392     0.179069
  C     1.389442     0.903371     0.162548
  H     1.790068     1.931340     0.188691
  C     2.302417    -0.186725     0.133921
  C     1.742598    -1.491316     0.101768
  H     2.405674    -2.371281     0.079843
  C     0.361927    -1.684865     0.096352
  H    -0.038984    -2.712808     0.070148
  C     3.732829     0.091839     0.136425
  H     3.982900     1.168553     0.164234
  C     4.762712    -0.808065     0.105558
  H     4.523372    -1.887391     0.076590
  C    -1.985760    -0.855342     0.110407
  H    -2.260318    -1.926305     0.082158
  C    -2.985898     0.078072     0.127716
  H    -2.700527     1.145964     0.155930
  C    -4.424655    -0.152614     0.110318
  C    -5.027808    -1.437693     0.070483
  H    -4.395066    -2.339718     0.053437
  C    -6.413939    -1.584585     0.051095
  H    -6.848077    -2.598648     0.019345
  C    -5.301211     0.967224     0.131280
  H    -4.867373     1.981362     0.162652
  C    -6.685888     0.820369     0.111987
  H    -7.316373     1.723732     0.128765
  C    -7.290153    -0.464297     0.070344
  C    -8.732505    -0.679649     0.045602
  H    -9.039377    -1.741602     0.013146
  C    -9.705203     0.282243     0.057337
  H    -9.390990     1.341843     0.090187
  C   -11.149757     0.089429     0.028872
  C   -11.784986    -1.179797    -0.019407
  H   -11.176303    -2.098191    -0.035484
  C   -13.174146    -1.290988    -0.048079
  H   -13.633595    -2.293573    -0.085935
  C   -14.021851    -0.149286    -0.030128
  C   -13.386114     1.119592     0.019185
  H   -13.993512     2.038686     0.035191
  C   -11.997883     1.230932     0.047714
  H   -11.538654     2.233597     0.085352
  C     6.188643    -0.500562     0.102661
  C     6.708167     0.820552     0.137387
  H     6.020081     1.680453     0.171760
  C     8.080646     1.057218     0.128012
  H     8.450232     2.096876     0.155066
  C     9.026765    -0.003545     0.083156
  C     8.508429    -1.325024     0.050978
  H     9.198391    -2.183792     0.017567
  C     7.134550    -1.561843     0.060701
  H     6.764834    -2.601535     0.034198
  C    10.448330     0.318886     0.070932
  H    10.666817     1.402214     0.105376
  C    11.501843    -0.551615     0.019856
  H    11.290764    -1.636491    -0.016183
  C    12.919920    -0.208864     0.003894
  C    13.409527     1.123100     0.042934
  H    12.702923     1.967346     0.089879
  C    14.777054     1.389908     0.022172
  H    15.124595     2.437127     0.053331
  C    15.745210     0.350930    -0.038860
  C    15.256680    -0.981058    -0.076313
  H    15.964595    -1.824506    -0.122266
  C    13.888427    -1.248296    -0.055415
  H    13.540959    -2.295583    -0.086034
  C   -15.468947    -0.332719    -0.062529
  H   -15.796108    -1.388395    -0.098471
  C   -16.423956     0.645338    -0.052718
  H   -16.094127     1.700079    -0.016756
  C   -17.873016     0.471170    -0.086272
  C   -18.520679    -0.790418    -0.137056
  H   -17.922690    -1.715788    -0.152234
  C   -19.912405    -0.885872    -0.168728
  H   -20.383505    -1.883035    -0.208061
  C   -20.742710     0.264140    -0.151385
  C   -20.097918     1.524785    -0.100665
  H   -20.699204     2.448253    -0.085681
  C   -18.707090     1.622072    -0.068962
  H   -18.236594     2.619461    -0.029677
  C    17.161783     0.703377    -0.060044
  H    17.358789     1.790592    -0.019462
  C    18.227600    -0.147165    -0.123810
  H    18.033769    -1.235009    -0.164615
  C    19.646300     0.214722    -0.145868
  C    20.617356    -0.817369    -0.208422
  H    20.276952    -1.867010    -0.238802
  C    21.988847    -0.529902    -0.231780
  H    22.720369    -1.353807    -0.279900
  C    22.429694     0.802729    -0.193561
  H    23.507612     1.033938    -0.211828
  C    21.482455     1.841855    -0.131796
  H    21.818698     2.891888    -0.101768
  C    20.113575     1.554241    -0.108174
  H    19.392046     2.385938    -0.060413
  C   -22.202002     0.099539    -0.185075
  H   -22.544555    -0.952389    -0.221874
  C   -23.145989     1.069368    -0.175067
  H   -24.218589     0.812074    -0.203142
  H   -22.895584     2.144673    -0.138892

n=8
  C     1.061416     0.426263     0.189062
  C     1.645239     1.718514     0.112726
  H     0.998465     2.609436     0.063717
  C     3.029371     1.885970     0.096836
  H     3.448672     2.905001     0.035876
  C     1.954523    -0.678902     0.250847
  H     1.535625    -1.698008     0.311551
  C     3.336607    -0.511563     0.234799
  H     3.980235    -1.404415     0.283601
  C     3.922012     0.780097     0.155710
  C    -0.373153     0.171953     0.203713
  H    -0.639347    -0.899424     0.266055
  C    -1.391159     1.084167     0.146557
  H    -1.139068     2.159184     0.083482
  C     5.361843     1.012675     0.130502
  H     5.658189     2.076241     0.066363
  C     6.342269     0.059454     0.175450
  H     6.034038    -1.000372     0.240619
  C     7.785680     0.256255     0.143960
  C     8.419855     1.523786     0.052675
  H     7.809907     2.440259     0.004021
  C     9.809107     1.634960     0.020449
  H    10.267970     2.635917    -0.052156
  C     8.634939    -0.883183     0.203310
  H     8.176402    -1.884252     0.275669
  C    10.022598    -0.771976     0.171331
  H    10.630007    -1.689838     0.220091
  C    10.657923     0.494943     0.077185
  C    12.104742     0.674317     0.035742
  H    12.436816     1.726686    -0.035093
  C    13.054143    -0.309776     0.074336
  H    12.715344    -1.359757     0.146001
  C    14.502640    -0.153218     0.028172
  C    15.168848     1.096822    -0.074702
  H    14.584033     2.029554    -0.122486
  C    16.560055     1.170849    -0.119380
  H    17.044878     2.158823    -0.200734
  C    17.379087     0.009501    -0.064175
  C    16.712463    -1.240054     0.040689
  H    17.296090    -2.173343     0.088827
  C    15.322160    -1.314288     0.085058
  H    14.837535    -2.302348     0.166329
  C    -2.820301     0.791373     0.155867
  C    -3.351192    -0.523693     0.230367
  H    -2.670648    -1.388301     0.287541
  C    -4.725273    -0.748977     0.231355
  H    -5.103139    -1.784346     0.289319
  C    -5.662827     0.317892     0.157677
  C    -5.133483     1.633483     0.085461
  H    -5.816636     2.496471     0.028441
  C    -3.757471     1.858940     0.085031
  H    -3.379379     2.894331     0.027228
  C    -7.086067     0.004783     0.158010
  H    -7.309936    -1.075842     0.226012
  C    -8.136975     0.877106     0.082093
  H    -7.923765     1.959944     0.012126
  C    -9.554921     0.534714     0.079036
  C   -10.043098    -0.796392     0.158347
  H    -9.335566    -1.638195     0.228292
  C   -11.409650    -1.065425     0.148174
  H   -11.755909    -2.111670     0.210727
  C   -12.380070    -0.029789     0.057874
  C   -11.893018     1.301677    -0.019995
  H   -12.602207     2.142472    -0.089643
  C   -10.525137     1.570886    -0.009292
  H   -10.178845     2.617184    -0.071536
  C   -13.793501    -0.386517     0.049151
  H   -13.986651    -1.472503     0.124463
  C   -14.866017     0.457003    -0.041633
  H   -14.678792     1.544044    -0.118205
  C   -16.276142     0.083198    -0.051692
  C   -16.738441    -1.256521     0.031408
  H   -16.015351    -2.084458     0.108722
  C   -18.100357    -1.551309     0.015772
  H   -18.427377    -2.603570     0.081793
  C   -19.089237    -0.535052    -0.083748
  C   -18.627850     0.804627    -0.166308
  H   -19.351989     1.631876    -0.243494
  C   -17.265391     1.099840    -0.150548
  H   -16.938478     2.152151    -0.216456
  C    18.829700     0.156311    -0.116851
  H    19.181367     1.201815    -0.193018
  C    19.761289    -0.843344    -0.081625
  H    19.407508    -1.888031    -0.005199
  C    21.213578    -0.704759    -0.136540
  C    21.890388     0.537855    -0.244065
  H    21.315287     1.476644    -0.290304
  C    23.283547     0.597524    -0.294528
  H    23.778652     1.580206    -0.378831
  C    24.086313    -0.570829    -0.240909
  C    23.412437    -1.812617    -0.133047
  H    23.990967    -2.749617    -0.086838
  C    22.020090    -1.874105    -0.082482
  H    21.525472    -2.856968     0.002014
  C   -20.498321    -0.916821    -0.095865
  H   -20.673646    -2.005684    -0.018527
  C   -21.580223    -0.089814    -0.190316
  H   -21.407022     0.999453    -0.267452
  C   -22.991866    -0.478398    -0.202294
  C   -23.980835     0.533813    -0.299599
  H   -23.658288     1.587595    -0.363878
  C   -25.347040     0.222063    -0.314897
  H   -26.092751     1.031045    -0.390409
  C   -25.764344    -1.116220    -0.233533
  H   -26.837956    -1.367131    -0.245211
  C   -24.799152    -2.135971    -0.137019
  H   -25.117383    -3.190132    -0.073179
  C   -23.435453    -1.824102    -0.121515
  H   -22.699874    -2.641380    -0.046397
  C    25.548479    -0.441661    -0.297033
  H    25.914121     0.600335    -0.372167
  C    26.469734    -1.432579    -0.266210
  H    27.547665    -1.201938    -0.314604
  H    26.194103    -2.499688    -0.192655

n=9
  C     0.551483     1.086312     0.398261
  C    -0.003649    -0.190069     0.680614
  H     0.660709    -1.047337     0.874485
  C    -1.381453    -0.387292     0.715130
  H    -1.777314    -1.393754     0.934823
  C    -2.299626     0.670880     0.470363
  C    -1.746256     1.949193     0.194604
  H    -2.413709     2.804610     0.001182
  C    -0.366304     2.146701     0.160751
  H     0.029911     3.153150    -0.058884
  C    -3.727794     0.384534     0.508660
  H    -3.969429    -0.668438     0.744008
  C    -4.765129     1.247471     0.283450
  H    -4.536312     2.302925     0.045376
  C    -6.187151     0.923480     0.313486
  C    -6.691459    -0.373786     0.595292
  H    -5.994661    -1.199178     0.812524
  C    -8.060127    -0.630770     0.600291
  H    -8.418222    -1.651163     0.821383
  C    -9.017567     0.384169     0.324801
  C    -8.514797     1.682954     0.047926
  H    -9.213681     2.507184    -0.168711
  C    -7.144473     1.940230     0.043683
  H    -6.786258     2.960709    -0.177123
  C   -10.433325     0.038457     0.337569
  H   -10.637487    -1.020300     0.581902
  C   -11.497001     0.859223     0.080946
  H   -11.300470     1.918823    -0.166564
  C   -12.907866     0.489608     0.089501
  C   -13.378686    -0.818583     0.378416
  H   -12.662229    -1.621262     0.616147
  C   -14.739899    -1.114126     0.365654
  H   -15.073074    -2.141481     0.593683
  C   -15.721467    -0.129912     0.064878
  C   -15.251645     1.179114    -0.221421
  H   -15.969311     1.981123    -0.458748
  C   -13.889444     1.474845    -0.208396
  H   -13.556266     2.502238    -0.436370
  C   -17.128231    -0.512511     0.064945
  H   -17.309231    -1.574038     0.315233
  C   -18.206960     0.282724    -0.207102
  H   -18.029898     1.344679    -0.458735
  C   -19.611181    -0.112387    -0.207826
  C   -20.063313    -1.426428     0.082792
  H   -19.336251    -2.217591     0.327083
  C   -21.420616    -1.742022     0.064194
  H   -21.739811    -2.773341     0.294408
  C   -22.414625    -0.773616    -0.243907
  C   -21.963281     0.540445    -0.533919
  H   -22.691147     1.331017    -0.778269
  C   -20.605628     0.856399    -0.515541
  H   -20.286527     1.887699    -0.745984
  C     1.985953     1.344793     0.336276
  H     2.259101     2.390607     0.102049
  C     2.985788     0.430990     0.529126
  H     2.698290    -0.610615     0.763434
  C     4.425004     0.645445     0.455969
  C     5.036012     1.892396     0.158180
  H     4.409072     2.779747    -0.026070
  C     6.422828     2.018517     0.089063
  H     6.863474     3.002267    -0.147362
  C     5.294424    -0.456610     0.685206
  H     4.854189    -1.440604     0.921002
  C     6.679253    -0.330521     0.616186
  H     7.303033    -1.219691     0.800633
  C     7.291629     0.914457     0.311832
  C     8.734887     1.102313     0.215332
  H     9.051872     2.133308    -0.028605
  C     9.696302     0.144715     0.389879
  H     9.369556    -0.882697     0.634812
  C    11.141498     0.298148     0.283916
  C    11.796164     1.516237    -0.039925
  H    11.203315     2.427036    -0.222441
  C    13.185035     1.584559    -0.137381
  H    13.660961     2.546666    -0.393680
  C    11.970131    -0.836202     0.507060
  H    11.494431    -1.798655     0.762318
  C    13.357656    -0.767700     0.410069
  H    13.948326    -1.679671     0.592317
  C    14.013073     0.448846     0.081469
  C    15.460045     0.583309    -0.041599
  H    15.806860     1.600980    -0.299775
  C    16.393868    -0.402075     0.126111
  H    16.042187    -1.417814     0.384681
  C    17.841314    -0.286862    -0.002715
  C    18.519723     0.913942    -0.341254
  H    17.946853     1.838043    -0.520574
  C    19.908369     0.949348    -0.455952
  H    20.403867     1.898715    -0.722678
  C    20.712305    -0.203900    -0.240963
  C    20.033739    -1.403820     0.100031
  H    20.605653    -2.328412     0.279040
  C    18.645803    -1.439486     0.214506
  H    18.150414    -2.389084     0.480554
  C    22.160871    -0.098390    -0.379012
  H    22.522192     0.912113    -0.645031
  C    23.080251    -1.096510    -0.215335
  H    22.717578    -2.106505     0.050477
  C    24.530012    -0.997539    -0.356001
  C    25.215331     0.196799    -0.698466
  H    24.649753     1.126074    -0.873980
  C    26.605153     0.220094    -0.820417
  H    27.107996     1.165103    -1.089121
  C    27.395530    -0.938782    -0.609195
  C    26.713149    -2.132339    -0.266622
  H    27.282107    -3.059994    -0.091717
  C    25.324102    -2.157381    -0.144158
  H    24.821659    -3.102543     0.124612
  C   -23.818365    -1.174913    -0.245867
  H   -23.986311    -2.238737     0.003848
  C   -24.903163    -0.391665    -0.516402
  H   -24.736645     0.672554    -0.765563
  C   -26.309931    -0.797562    -0.517024
  C   -27.302140     0.170511    -0.818161
  H   -26.985379     1.203455    -1.044547
  C   -28.664284    -0.158420    -0.832300
  H   -29.412536     0.616414    -1.068818
  C   -29.074267    -1.470391    -0.545064
  H   -30.144657    -1.734744    -0.554485
  C   -28.105776    -2.446436    -0.244607
  H   -28.418285    -3.479735    -0.018307
  C   -26.746095    -2.117379    -0.230346
  H   -26.008096    -2.900687     0.006991
  C    28.854872    -0.849219    -0.750735
  H    29.228842     0.158400    -1.015008
  C    29.764652    -1.838856    -0.594363
  H    30.841866    -1.640755    -0.727834
  H    29.479767    -2.872977    -0.330662

n=10
  C     1.064354    -0.193018     0.000351
  C     1.630159     1.109693    -0.004444
  H     0.974117     1.995156     0.003636
  C     3.010812     1.296664    -0.019929
  H     3.416392     2.323118    -0.024606
  C     3.919500     0.202675    -0.031879
  C     3.353690    -1.100028    -0.027529
  H     4.009733    -1.985490    -0.035605
  C     1.973046    -1.286999    -0.012072
  H     1.567468    -2.313453    -0.007428
  C     5.352775     0.468358    -0.048045
  H     5.619043     1.541289    -0.036284
  C     6.364384    -0.452281    -0.074400
  H     6.097996    -1.525182    -0.086083
  C    -0.368878    -0.458827     0.018285
  H    -0.635022    -1.531795     0.006961
  C    -1.380601     0.461624     0.046739
  H    -1.114437     1.534587     0.057877
  C    -2.813854     0.195956     0.063757
  C    -3.379809    -1.106681     0.068420
  H    -2.723846    -1.992221     0.061923
  C    -4.760518    -1.293477     0.081464
  H    -5.166242    -2.319874     0.085766
  C    -3.722421     1.290058     0.074458
  H    -3.316710     2.316461     0.070074
  C    -5.103109     1.103260     0.087519
  H    -5.759049     1.988808     0.094134
  C    -5.669099    -0.199369     0.090969
  C     7.797763    -0.186972    -0.087497
  C     8.364139     1.115487    -0.090696
  H     7.708438     2.001236    -0.087075
  C     9.744954     1.301868    -0.098421
  H    10.151004     2.328142    -0.101514
  C    10.653205     0.207476    -0.103643
  C    10.086802    -1.094965    -0.102412
  H    10.742485    -1.980722    -0.106203
  C     8.706025    -1.281352    -0.094733
  H     8.299990    -2.307630    -0.091641
  C    -7.102462    -0.464827     0.103126
  H    -7.368919    -1.537705     0.091030
  C    -8.113933     0.456071     0.125269
  H    -7.847313     1.528916     0.137042
  C    -9.547422     0.191183     0.132784
  C   -10.114168    -1.111100     0.134346
  H    -9.458698    -1.997034     0.134323
  C   -11.495056    -1.297104     0.135626
  H   -11.901405    -2.323263     0.137366
  C   -10.455395     1.285814     0.135326
  H   -10.049069     2.311982     0.133518
  C   -11.836251     1.099799     0.136612
  H   -12.491701     1.985739     0.136847
  C   -12.403032    -0.202470     0.135646
  C    12.086725     0.472381    -0.108822
  H    12.353586     1.545142    -0.095505
  C    13.097855    -0.448986    -0.125185
  H    12.830803    -1.521704    -0.138243
  C    14.531523    -0.184742    -0.124258
  C    15.098872     1.117262    -0.122735
  H    14.443836     2.003503    -0.127386
  C    16.479853     1.302642    -0.115090
  H    16.886680     2.328613    -0.114633
  C    17.387214     0.207581    -0.108604
  C    16.819874    -1.094392    -0.112861
  H    17.474896    -1.980636    -0.108331
  C    15.438949    -1.279797    -0.120558
  H    15.032148    -2.305777    -0.120913
  C   -13.836656    -0.467029     0.133175
  H   -14.103704    -1.539730     0.119431
  C   -14.847644     0.454562     0.142462
  H   -14.580472     1.527248     0.155839
  C   -16.281360     0.190510     0.132955
  C   -16.848720    -1.111436     0.128710
  H   -16.193756    -1.997702     0.137991
  C   -18.229645    -1.296805     0.112346
  H   -18.636473    -2.322774     0.109901
  C   -19.136907    -0.201775     0.099211
  C   -18.569591     1.100142     0.106489
  H   -19.224599     1.986372     0.097364
  C   -17.188699     1.285561     0.122915
  H   -16.781904     2.311547     0.125281
  C    18.821031     0.471325    -0.096461
  H    19.088638     1.543864    -0.080464
  C    19.831330    -0.450898    -0.099410
  H    19.563562    -1.523394    -0.115302
  C    21.265327    -0.187816    -0.080319
  C    21.833528     1.113603    -0.071427
  H    21.179317     2.000378    -0.084107
  C    23.214624     1.297890    -0.046469
  H    23.622211     2.323544    -0.040808
  C    24.120625     0.202204    -0.028931
  C    23.552610    -1.099114    -0.040272
  H    24.206916    -1.985819    -0.027533
  C    22.171617    -1.283551    -0.065216
  H    21.764087    -2.309225    -0.070660
  C   -20.570733    -0.465679     0.077501
  H   -20.838036    -1.538290     0.061528
  C   -21.581109     0.456193     0.071314
  H   -21.313843     1.528826     0.086936
  C   -23.015151     0.192421     0.042285
  C   -23.582415    -1.109141     0.032105
  H   -22.927888    -1.995578     0.051413
  C   -24.963432    -1.294250    -0.002432
  H   -25.370317    -2.320189    -0.008779
  C   -25.869540    -0.199390    -0.029267
  C   -25.302704     1.101963    -0.016503
  H   -25.957568     1.988176    -0.035534
  C   -23.921812     1.287449     0.018238
  H   -23.515038     2.313431     0.024637
  C    25.555199     0.464891     0.000352
  H    25.823150     1.537301     0.020388
  C    26.564096    -0.457402     0.007608
  H    26.296363    -1.529831    -0.012756
  C    27.999865    -0.194673     0.041559
  C    28.567082     1.105794     0.058670
  H    27.913170     1.992757     0.042968
  C    29.949843     1.289215     0.095256
  H    30.358291     2.314541     0.106689
  C    30.850293     0.193563     0.115970
  C    30.285915    -1.105814     0.098894
  H    30.942989    -1.990595     0.116646
  C    28.904000    -1.291017     0.062635
  H    28.495944    -2.316454     0.052505
  C   -27.304915    -0.463639    -0.068885
  H   -27.570829    -1.536609    -0.084989
  C   -28.313495     0.456371    -0.090720
  H   -28.047484     1.529362    -0.076106
  C   -29.752742     0.191882    -0.135142
  C   -30.650944     1.288919    -0.178716
  H   -30.241005     2.313687    -0.176957
  C   -32.038194     1.096877    -0.226241
  H   -32.710569     1.970415    -0.260306
  C   -32.569951    -0.202847    -0.230672
  H   -33.660758    -0.358855    -0.267984
  C   -31.696350    -1.305358    -0.186326
  H   -32.103083    -2.330580    -0.187753
  C   -30.311495    -1.112916    -0.139758
  H   -29.650417    -1.994163    -0.105497
  C    32.296324     0.449386     0.152361
  H    32.572489     1.520566     0.189974
  C    33.297759    -0.460972     0.142163
  H    34.352765    -0.139479     0.173393
  H    33.111699    -1.548941     0.100265

n=11
  C    -0.551959     1.457257    -0.593045
  C     0.024677     2.091143     0.539539
  H    -0.624225     2.529305     1.315167
  C     1.407299     2.172139     0.695052
  H     1.821740     2.671392     1.587868
  C     0.347473     0.921048    -1.555391
  H    -0.066881     0.424061    -2.449495
  C     1.729381     1.000747    -1.399129
  H     2.377521     0.566925    -2.177665
  C     2.306520     1.627073    -0.262555
  C    -1.986559     1.322674    -0.812553
  H    -2.256647     0.816864    -1.757710
  C    -2.996379     1.734892     0.013256
  H    -2.729822     2.235494     0.962236
  C    -4.429024     1.576791    -0.206922
  C    -4.989360     0.961759    -1.358029
  H    -4.330603     0.580696    -2.155009
  C    -6.367869     0.824594    -1.503957
  H    -6.768750     0.337182    -2.409404
  C    -7.280352     1.287683    -0.516228
  C    -6.721030     1.912247     0.630165
  H    -7.380905     2.295801     1.425223
  C    -5.341833     2.050376     0.775585
  H    -4.940877     2.538889     1.680425
  C    -8.709259     1.089553    -0.724151
  H    -8.965672     0.598891    -1.681099
  C    -9.727826     1.424571     0.125505
  H    -9.474713     1.910202     1.085939
  C   -11.153168     1.197741    -0.081460
  C   -11.696526     0.586767    -1.242860
  H   -11.029776     0.264557    -2.058907
  C   -13.067707     0.379542    -1.374578
  H   -13.455077    -0.102160    -2.288903
  C   -13.989133     0.764333    -0.361812
  C   -13.447296     1.384702     0.795249
  H   -14.115110     1.708099     1.610146
  C   -12.075512     1.592527     0.926693
  H   -11.688042     2.074473     1.840870
  C   -15.408595     0.497102    -0.556912
  H   -15.651953     0.012163    -1.520203
  C   -16.432001     0.766352     0.310073
  H   -16.191409     1.248908     1.275320
  C   -17.847251     0.474815     0.115462
  C   -18.374757    -0.146753    -1.047608
  H   -17.702383    -0.430180    -1.873409
  C   -19.736890    -0.412403    -1.168934
  H   -20.111876    -0.899690    -2.085433
  C   -20.664229    -0.078465    -0.143638
  C   -20.138086     0.549311     1.016635
  H   -20.811165     0.832547     1.842058
  C   -18.775503     0.815127     1.137934
  H   -18.400359     1.301903     2.054659
  C   -22.074134    -0.397997    -0.330629
  H   -22.306534    -0.886498    -1.294859
  C   -23.100593    -0.166736     0.543463
  H   -22.870229     0.321203     1.508524
  C     3.742922     1.731377    -0.034691
  H     4.024081     2.262660     0.893123
  C     4.739705     1.236324    -0.830211
  H     4.454475     0.694120    -1.750345
  C     6.177299     1.322345    -0.605713
  C     6.773663     2.008566     0.485435
  H     6.139382     2.528347     1.221788
  C     8.157603     2.043110     0.646644
  H     8.587862     2.585644     1.506082
  C     7.058646     0.685667    -1.522538
  H     6.628882     0.151647    -2.387538
  C     8.441717     0.716242    -1.358712
  H     9.077136     0.211827    -2.104538
  C     9.037792     1.391628    -0.260879
  C   -24.507467    -0.501157     0.356005
  C   -25.022887    -1.135707    -0.805260
  H   -24.346448    -1.400330    -1.634013
  C   -26.378419    -1.436380    -0.921815
  H   -26.744180    -1.931797    -1.837665
  C   -27.309979    -1.126304     0.106746
  C   -26.795514    -0.488739     1.266571
  H   -27.472448    -0.224545     2.095137
  C   -25.439769    -0.187980     1.383269
  H   -25.073927     0.306998     2.299337
  C    10.475990     1.443471    -0.025410
  H    10.782749     2.089617     0.818052
  C    11.444281     0.764589    -0.713224
  H    11.129749     0.085089    -1.526740
  C    12.883416     0.802307    -0.485209
  C    13.520837     1.685235     0.426343
  H    12.919665     2.409078     1.000310
  C    14.903265     1.663822     0.603419
  H    15.367636     2.365580     1.317613
  C    13.721549    -0.089612    -1.209302
  H    13.258597    -0.782894    -1.932596
  C    15.102404    -0.115067    -1.027683
  H    15.703048    -0.826722    -1.616478
  C    15.739894     0.761346    -0.109677
  C    17.178513     0.779570     0.128598
  H    17.516892     1.561069     0.833805
  C    18.112164    -0.061912    -0.411366
  H    17.766799    -0.855749    -1.099147
  C    19.551302    -0.056100    -0.179822
  C    20.224213     0.898345     0.628167
  H    19.653471     1.702072     1.120657
  C    21.605148     0.844417     0.808743
  H    22.097716     1.602872     1.441455
  C    20.352799    -1.058899    -0.792124
  H    19.860760    -1.814880    -1.428214
  C    21.732841    -1.113804    -0.610018
  H    22.303610    -1.913766    -1.108220
  C    22.406058    -0.160475     0.199099
  C    23.846452    -0.160321     0.427321
  H    24.207459     0.661433     1.072932
  C    24.759594    -1.051435    -0.065188
  H    24.395787    -1.875682    -0.706023
  C    26.200819    -1.057096     0.157058
  C    26.890170    -0.088054     0.932613
  H    26.332381     0.734602     1.408419
  C    28.271863    -0.153246     1.105420
  H    28.777344     0.616202     1.714243
  C    29.056452    -1.183562     0.518959
  C    28.367230    -2.152296    -0.256524
  H    28.925101    -2.973950    -0.733804
  C    26.986026    -2.087242    -0.429873
  H    26.480788    -2.856128    -1.039606
  C   -28.714203    -1.475269    -0.077226
  H   -28.939170    -1.967694    -1.041285
  C   -29.742105    -1.262325     0.798302
  H   -29.518437    -0.770463     1.762952
  C   -31.145952    -1.618290     0.613284
  C   -31.654106    -2.256681    -0.547614
  H   -30.975584    -2.511002    -1.377928
  C   -33.008166    -2.573018    -0.662643
  H   -33.370146    -3.070367    -1.579016
  C   -33.936817    -2.274729     0.367169
  C   -33.431800    -1.635819     1.526508
  H   -34.113844    -1.381880     2.354293
  C   -32.078612    -1.318581     1.643075
  H   -31.717233    -0.820569     2.559264
  C    30.500044    -1.191606     0.738492
  H    30.869792    -0.361155     1.367814
  C    31.402973    -2.094862     0.256214
  H    31.031794    -2.925846    -0.371575
  C    32.850666    -2.106868     0.473683
  C    33.620440    -3.147761    -0.106464
  H    33.106341    -3.918495    -0.706427
  C    35.009181    -3.214511     0.067698
  H    35.580380    -4.036789    -0.394664
  C    35.670856    -2.237481     0.828976
  H    36.763486    -2.285214     0.968889
  C    34.926067    -1.195523     1.412579
  H    35.436711    -0.423271     2.012067
  C    33.539429    -1.129646     1.238663
  H    32.980156    -0.302444     1.704948
  C   -35.349768    -2.635057     0.190114
  H   -35.582382    -3.119516    -0.777549
  C   -36.368120    -2.444405     1.060919
  H   -37.393737    -2.762909     0.807824
  H   -36.225479    -1.972129     2.049323

