naphthalene
  C     2.429580     0.701360    -0.000000
  H     3.371450     1.245150    -0.000000
  C     2.429580    -0.701360     0.000000
  H     3.371450    -1.245150     0.000000
  C     1.214790     1.402720    -0.000000
  H     1.214790     2.490290    -0.000000
  C     1.214790    -1.402720     0.000000
  H     1.214790    -2.490290     0.000000
  C    -0.000000    -0.701360     0.000000
  C     0.000000     0.701360    -0.000000
  C    -1.214790     1.402720    -0.000000
  H    -1.214790     2.490290    -0.000000
  C    -1.214790    -1.402720     0.000000
  H    -1.214790    -2.490290     0.000000
  C    -2.429580    -0.701360     0.000000
  C    -2.429580     0.701360    -0.000000
  H    -3.371450    -1.245150     0.000000
  H    -3.371450     1.245150    -0.000000

anthracene
  C     3.644370     0.701360    -0.000000
  H     4.586240     1.245150    -0.000000
  C     3.644370    -0.701360     0.000000
  H     4.586240    -1.245150     0.000000
  C     2.429580     1.402720    -0.000000
  H     2.429580     2.490290    -0.000000
  C     2.429580    -1.402720     0.000000
  H     2.429580    -2.490290     0.000000
  C     1.214790    -0.701360     0.000000
  C     1.214790     0.701360    -0.000000
  C     0.000000     1.402720    -0.000000
  H    -0.000000     2.490290    -0.000000
  C     0.000000    -1.402720     0.000000
  H     0.000000    -2.490290     0.000000
  C    -1.214790    -0.701360     0.000000
  C    -1.214790     0.701360    -0.000000
  C    -2.429580     1.402720    -0.000000
  H    -2.429580     2.490290    -0.000000
  C    -2.429580    -1.402720     0.000000
  H    -2.429580    -2.490290     0.000000
  C    -3.644370    -0.701360     0.000000
  C    -3.644370     0.701360    -0.000000
  H    -4.586240    -1.245150     0.000000
  H    -4.586240     1.245150    -0.000000

tetracene
  C     4.859160     0.701360    -0.000000
  H     5.801030     1.245150    -0.000000
  C     4.859160    -0.701360     0.000000
  H     5.801030    -1.245150     0.000000
  C     3.644370     1.402720    -0.000000
  H     3.644370     2.490290    -0.000000
  C     3.644370    -1.402720     0.000000
  H     3.644370    -2.490290     0.000000
  C     2.429580    -0.701360     0.000000
  C     2.429580     0.701360    -0.000000
  C     1.214790     1.402720    -0.000000
  H     1.214790     2.490290    -0.000000
  C     1.214790    -1.402720     0.000000
  H     1.214790    -2.490290     0.000000
  C    -0.000000    -0.701360     0.000000
  C    -0.000000     0.701360    -0.000000
  C    -1.214790     1.402720    -0.000000
  H    -1.214790     2.490290    -0.000000
  C    -1.214790    -1.402720     0.000000
  H    -1.214790    -2.490290     0.000000
  C    -2.429580    -0.701360     0.000000
  C    -2.429580     0.701360    -0.000000
  C    -3.644370     1.402720    -0.000000
  H    -3.644370     2.490290    -0.000000
  C    -3.644370    -1.402720     0.000000
  H    -3.644370    -2.490290     0.000000
  C    -4.859160    -0.701360     0.000000
  C    -4.859160     0.701360    -0.000000
  H    -5.801030    -1.245150     0.000000
  H    -5.801030     1.245150    -0.000000

pentacene
  C     6.073950     0.701360    -0.000000
  H     7.015820     1.245150    -0.000000
  C     6.073950    -0.701360     0.000000
  H     7.015820    -1.245150     0.000000
  C     4.859160     1.402720    -0.000000
  H     4.859160     2.490290    -0.000000
  C     4.859160    -1.402720     0.000000
  H     4.859160    -2.490290     0.000000
  C     3.644370    -0.701360     0.000000
  C     3.644370     0.701360    -0.000000
  C     2.429580     1.402720    -0.000000
  H     2.429580     2.490290    -0.000000
  C     2.429580    -1.402720     0.000000
  H     2.429580    -2.490290     0.000000
  C     1.214790    -0.701360     0.000000
  C     1.214790     0.701360    -0.000000
  C     0.000000     1.402720    -0.000000
  H     0.000000     2.490290    -0.000000
  C    -0.000000    -1.402720     0.000000
  H     0.000000    -2.490290     0.000000
  C    -1.214790    -0.701360     0.000000
  C    -1.214790     0.701360    -0.000000
  C    -2.429580     1.402720    -0.000000
  H    -2.429580     2.490290    -0.000000
  C    -2.429580    -1.402720     0.000000
  H    -2.429580    -2.490290     0.000000
  C    -3.644370    -0.701360     0.000000
  C    -3.644370     0.701360    -0.000000
  C    -4.859160     1.402720    -0.000000
  H    -4.859160     2.490290    -0.000000
  C    -4.859160    -1.402720     0.000000
  H    -4.859160    -2.490290     0.000000
  C    -6.073950    -0.701360     0.000000
  C    -6.073950     0.701360    -0.000000
  H    -7.015820    -1.245150     0.000000
  H    -7.015820     1.245150    -0.000000

hexacene
  C     7.288740     0.701360    -0.000000
  H     8.230610     1.245150    -0.000000
  C     7.288740    -0.701360     0.000000
  H     8.230610    -1.245150     0.000000
  C     6.073950     1.402720    -0.000000
  H     6.073950     2.490290    -0.000000
  C     6.073950    -1.402720     0.000000
  H     6.073950    -2.490290     0.000000
  C     4.859160    -0.701360     0.000000
  C     4.859160     0.701360    -0.000000
  C     3.644370     1.402720    -0.000000
  H     3.644370     2.490290    -0.000000
  C     3.644370    -1.402720     0.000000
  H     3.644370    -2.490290     0.000000
  C     2.429580    -0.701360     0.000000
  C     2.429580     0.701360    -0.000000
  C     1.214790     1.402720    -0.000000
  H     1.214790     2.490290    -0.000000
  C     1.214790    -1.402720     0.000000
  H     1.214790    -2.490290     0.000000
  C    -0.000000    -0.701360     0.000000
  C     0.000000     0.701360    -0.000000
  C    -1.214790     1.402720    -0.000000
  H    -1.214790     2.490290    -0.000000
  C    -1.214790    -1.402720     0.000000
  H    -1.214790    -2.490290     0.000000
  C    -2.429580    -0.701360     0.000000
  C    -2.429580     0.701360    -0.000000
  C    -3.644370     1.402720    -0.000000
  H    -3.644370     2.490290    -0.000000
  C    -3.644370    -1.402720     0.000000
  H    -3.644370    -2.490290     0.000000
  C    -4.859160    -0.701360     0.000000
  C    -4.859160     0.701360    -0.000000
  C    -6.073950     1.402720    -0.000000
  H    -6.073950     2.490290    -0.000000
  C    -6.073950    -1.402720     0.000000
  H    -6.073950    -2.490290     0.000000
  C    -7.288740    -0.701360     0.000000
  C    -7.288740     0.701360    -0.000000
  H    -8.230610    -1.245150     0.000000
  H    -8.230610     1.245150    -0.000000

heptacene
  C     8.503530     0.701360     0.000000
  H     9.445400     1.245150     0.000000
  C     8.503530    -0.701360    -0.000000
  H     9.445400    -1.245150    -0.000000
  C     7.288740     1.402720     0.000000
  H     7.288740     2.490290     0.000000
  C     7.288740    -1.402720    -0.000000
  H     7.288740    -2.490290    -0.000000
  C     6.073950    -0.701360    -0.000000
  C     6.073950     0.701360     0.000000
  C     4.859160     1.402720     0.000000
  H     4.859160     2.490290     0.000000
  C     4.859160    -1.402720    -0.000000
  H     4.859160    -2.490290    -0.000000
  C     3.644370    -0.701360    -0.000000
  C     3.644370     0.701360     0.000000
  C     2.429580     1.402720     0.000000
  H     2.429580     2.490290     0.000000
  C     2.429580    -1.402720    -0.000000
  H     2.429580    -2.490290    -0.000000
  C     1.214790    -0.701360    -0.000000
  C     1.214790     0.701360     0.000000
  C     0.000000     1.402720     0.000000
  H     0.000000     2.490290     0.000000
  C    -0.000000    -1.402720    -0.000000
  H    -0.000000    -2.490290    -0.000000
  C    -1.214790    -0.701360    -0.000000
  C    -1.214790     0.701360     0.000000
  C    -2.429580     1.402720     0.000000
  H    -2.429580     2.490290     0.000000
  C    -2.429580    -1.402720    -0.000000
  H    -2.429580    -2.490290    -0.000000
  C    -3.644370    -0.701360    -0.000000
  C    -3.644370     0.701360     0.000000
  C    -4.859160     1.402720     0.000000
  H    -4.859160     2.490290     0.000000
  C    -4.859160    -1.402720    -0.000000
  H    -4.859160    -2.490290    -0.000000
  C    -6.073950    -0.701360    -0.000000
  C    -6.073950     0.701360     0.000000
  C    -7.288740     1.402720     0.000000
  H    -7.288740     2.490290     0.000000
  C    -7.288740    -1.402720    -0.000000
  H    -7.288740    -2.490290    -0.000000
  C    -8.503530    -0.701360    -0.000000
  C    -8.503530     0.701360     0.000000
  H    -9.445400    -1.245150    -0.000000
  H    -9.445400     1.245150     0.000000

octacene
  C     9.718320     0.701360     0.000000
  H    10.660190     1.245150     0.000000
  C     9.718320    -0.701360    -0.000000
  H    10.660190    -1.245150    -0.000000
  C     8.503530     1.402720     0.000000
  H     8.503530     2.490290     0.000000
  C     8.503530    -1.402720    -0.000000
  H     8.503530    -2.490290    -0.000000
  C     7.288740    -0.701360    -0.000000
  C     7.288740     0.701360     0.000000
  C     6.073950     1.402720     0.000000
  H     6.073950     2.490290     0.000000
  C     6.073950    -1.402720    -0.000000
  H     6.073950    -2.490290    -0.000000
  C     4.859160    -0.701360    -0.000000
  C     4.859160     0.701360     0.000000
  C     3.644370     1.402720     0.000000
  H     3.644370     2.490290     0.000000
  C     3.644370    -1.402720    -0.000000
  H     3.644370    -2.490290    -0.000000
  C     2.429580    -0.701360    -0.000000
  C     2.429580     0.701360     0.000000
  C     1.214790     1.402720     0.000000
  H     1.214790     2.490290     0.000000
  C     1.214790    -1.402720    -0.000000
  H     1.214790    -2.490290    -0.000000
  C     0.000000    -0.701360    -0.000000
  C     0.000000     0.701360     0.000000
  C    -1.214790     1.402720     0.000000
  H    -1.214790     2.490290     0.000000
  C    -1.214790    -1.402720    -0.000000
  H    -1.214790    -2.490290    -0.000000
  C    -2.429580    -0.701360    -0.000000
  C    -2.429580     0.701360     0.000000
  C    -3.644370     1.402720     0.000000
  H    -3.644370     2.490290     0.000000
  C    -3.644370    -1.402720    -0.000000
  H    -3.644370    -2.490290    -0.000000
  C    -4.859160    -0.701360    -0.000000
  C    -4.859160     0.701360     0.000000
  C    -6.073950     1.402720     0.000000
  H    -6.073950     2.490290     0.000000
  C    -6.073950    -1.402720    -0.000000
  H    -6.073950    -2.490290    -0.000000
  C    -7.288740    -0.701360    -0.000000
  C    -7.288740     0.701360     0.000000
  C    -8.503530     1.402720     0.000000
  H    -8.503530     2.490290     0.000000
  C    -8.503530    -1.402720    -0.000000
  H    -8.503530    -2.490290    -0.000000
  C    -9.718320    -0.701360    -0.000000
  C    -9.718320     0.701360     0.000000
  H   -10.660190    -1.245150    -0.000000
  H   -10.660190     1.245150     0.000000


nonacene
  C    10.933110     0.701360     0.000000
  H    11.874980     1.245150     0.000000
  C    10.933110    -0.701360    -0.000000
  H    11.874980    -1.245150    -0.000000
  C     9.718320     1.402720     0.000000
  H     9.718320     2.490290     0.000000
  C     9.718320    -1.402720    -0.000000
  H     9.718320    -2.490290    -0.000000
  C     8.503530    -0.701360    -0.000000
  C     8.503530     0.701360     0.000000
  C     7.288740     1.402720     0.000000
  H     7.288740     2.490290     0.000000
  C     7.288740    -1.402720    -0.000000
  H     7.288740    -2.490290    -0.000000
  C     6.073950    -0.701360    -0.000000
  C     6.073950     0.701360     0.000000
  C     4.859160     1.402720     0.000000
  H     4.859160     2.490290     0.000000
  C     4.859160    -1.402720    -0.000000
  H     4.859160    -2.490290    -0.000000
  C     3.644370    -0.701360    -0.000000
  C     3.644370     0.701360     0.000000
  C     2.429580     1.402720     0.000000
  H     2.429580     2.490290     0.000000
  C     2.429580    -1.402720    -0.000000
  H     2.429580    -2.490290    -0.000000
  C     1.214790    -0.701360    -0.000000
  C     1.214790     0.701360     0.000000
  C     0.000000     1.402720     0.000000
  H     0.000000     2.490290     0.000000
  C     0.000000    -1.402720    -0.000000
  H     0.000000    -2.490290    -0.000000
  C    -1.214790    -0.701360    -0.000000
  C    -1.214790     0.701360     0.000000
  C    -2.429580     1.402720     0.000000
  H    -2.429580     2.490290     0.000000
  C    -2.429580    -1.402720    -0.000000
  H    -2.429580    -2.490290    -0.000000
  C    -3.644370    -0.701360    -0.000000
  C    -3.644370     0.701360     0.000000
  C    -4.859160     1.402720     0.000000
  H    -4.859160     2.490290     0.000000
  C    -4.859160    -1.402720    -0.000000
  H    -4.859160    -2.490290    -0.000000
  C    -6.073950    -0.701360    -0.000000
  C    -6.073950     0.701360     0.000000
  C    -7.288740     1.402720     0.000000
  H    -7.288740     2.490290     0.000000
  C    -7.288740    -1.402720    -0.000000
  H    -7.288740    -2.490290    -0.000000
  C    -8.503530    -0.701360    -0.000000
  C    -8.503530     0.701360     0.000000
  C    -9.718320     1.402720     0.000000
  H    -9.718320     2.490290     0.000000
  C    -9.718320    -1.402720    -0.000000
  H    -9.718320    -2.490290    -0.000000
  C   -10.933110    -0.701360    -0.000000
  C   -10.933110     0.701360     0.000000
  H   -11.874980    -1.245150    -0.000000
  H   -11.874980     1.245150     0.000000

decacene
  C    12.147900     0.701360     0.000000
  H    13.089770     1.245150     0.000000
  C    12.147900    -0.701360    -0.000000
  H    13.089770    -1.245150    -0.000000
  C    10.933110     1.402720     0.000000
  H    10.933110     2.490290     0.000000
  C    10.933110    -1.402720    -0.000000
  H    10.933110    -2.490290    -0.000000
  C     9.718320    -0.701360    -0.000000
  C     9.718320     0.701360     0.000000
  C     8.503530     1.402720     0.000000
  H     8.503530     2.490290     0.000000
  C     8.503530    -1.402720    -0.000000
  H     8.503530    -2.490290    -0.000000
  C     7.288740    -0.701360    -0.000000
  C     7.288740     0.701360     0.000000
  C     6.073950     1.402720     0.000000
  H     6.073950     2.490290     0.000000
  C     6.073950    -1.402720    -0.000000
  H     6.073950    -2.490290    -0.000000
  C     4.859160    -0.701360    -0.000000
  C     4.859160     0.701360     0.000000
  C     3.644370     1.402720     0.000000
  H     3.644370     2.490290     0.000000
  C     3.644370    -1.402720    -0.000000
  H     3.644370    -2.490290    -0.000000
  C     2.429580    -0.701360    -0.000000
  C     2.429580     0.701360     0.000000
  C     1.214790     1.402720     0.000000
  H     1.214790     2.490290     0.000000
  C     1.214790    -1.402720    -0.000000
  H     1.214790    -2.490290    -0.000000
  C    -0.000000    -0.701360    -0.000000
  C     0.000000     0.701360     0.000000
  C    -1.214790     1.402720     0.000000
  H    -1.214790     2.490290     0.000000
  C    -1.214790    -1.402720    -0.000000
  H    -1.214790    -2.490290    -0.000000
  C    -2.429580    -0.701360    -0.000000
  C    -2.429580     0.701360     0.000000
  C    -3.644370     1.402720     0.000000
  H    -3.644370     2.490290     0.000000
  C    -3.644370    -1.402720    -0.000000
  H    -3.644370    -2.490290    -0.000000
  C    -4.859160    -0.701360    -0.000000
  C    -4.859160     0.701360     0.000000
  C    -6.073950     1.402720     0.000000
  H    -6.073950     2.490290     0.000000
  C    -6.073950    -1.402720    -0.000000
  H    -6.073950    -2.490290    -0.000000
  C    -7.288740    -0.701360    -0.000000
  C    -7.288740     0.701360     0.000000
  C    -8.503530     1.402720     0.000000
  H    -8.503530     2.490290     0.000000
  C    -8.503530    -1.402720    -0.000000
  H    -8.503530    -2.490290    -0.000000
  C    -9.718320    -0.701360    -0.000000
  C    -9.718320     0.701360     0.000000
  C   -10.933110     1.402720     0.000000
  H   -10.933110     2.490290     0.000000
  C   -10.933110    -1.402720    -0.000000
  H   -10.933110    -2.490290    -0.000000
  C   -12.147900    -0.701360    -0.000000
  C   -12.147900     0.701360     0.000000
  H   -13.089770    -1.245150    -0.000000
  H   -13.089770     1.245150     0.000000

undecacene
  C    13.362690     0.701360     0.000000
  H    14.304560     1.245150     0.000000
  C    13.362690    -0.701360    -0.000000
  H    14.304560    -1.245150    -0.000000
  C    12.147900     1.402720     0.000000
  H    12.147900     2.490290     0.000000
  C    12.147900    -1.402720    -0.000000
  H    12.147900    -2.490290    -0.000000
  C    10.933110    -0.701360    -0.000000
  C    10.933110     0.701360     0.000000
  C     9.718320     1.402720     0.000000
  H     9.718320     2.490290     0.000000
  C     9.718320    -1.402720    -0.000000
  H     9.718320    -2.490290    -0.000000
  C     8.503530    -0.701360    -0.000000
  C     8.503530     0.701360     0.000000
  C     7.288740     1.402720     0.000000
  H     7.288740     2.490290     0.000000
  C     7.288740    -1.402720    -0.000000
  H     7.288740    -2.490290    -0.000000
  C     6.073950    -0.701360    -0.000000
  C     6.073950     0.701360     0.000000
  C     4.859160     1.402720     0.000000
  H     4.859160     2.490290     0.000000
  C     4.859160    -1.402720    -0.000000
  H     4.859160    -2.490290    -0.000000
  C     3.644370    -0.701360    -0.000000
  C     3.644370     0.701360     0.000000
  C     2.429580     1.402720     0.000000
  H     2.429580     2.490290     0.000000
  C     2.429580    -1.402720    -0.000000
  H     2.429580    -2.490290    -0.000000
  C     1.214790    -0.701360    -0.000000
  C     1.214790     0.701360     0.000000
  C     0.000000     1.402720     0.000000
  H    -0.000000     2.490290     0.000000
  C     0.000000    -1.402720    -0.000000
  H     0.000000    -2.490290    -0.000000
  C    -1.214790    -0.701360    -0.000000
  C    -1.214790     0.701360     0.000000
  C    -2.429580     1.402720     0.000000
  H    -2.429580     2.490290     0.000000
  C    -2.429580    -1.402720    -0.000000
  H    -2.429580    -2.490290    -0.000000
  C    -3.644370    -0.701360    -0.000000
  C    -3.644370     0.701360     0.000000
  C    -4.859160     1.402720     0.000000
  H    -4.859160     2.490290     0.000000
  C    -4.859160    -1.402720    -0.000000
  H    -4.859160    -2.490290    -0.000000
  C    -6.073950    -0.701360    -0.000000
  C    -6.073950     0.701360     0.000000
  C    -7.288740     1.402720     0.000000
  H    -7.288740     2.490290     0.000000
  C    -7.288740    -1.402720    -0.000000
  H    -7.288740    -2.490290    -0.000000
  C    -8.503530    -0.701360    -0.000000
  C    -8.503530     0.701360     0.000000
  C    -9.718320     1.402720     0.000000
  H    -9.718320     2.490290     0.000000
  C    -9.718320    -1.402720    -0.000000
  H    -9.718320    -2.490290    -0.000000
  C   -10.933110    -0.701360    -0.000000
  C   -10.933110     0.701360     0.000000
  C   -12.147900     1.402720     0.000000
  H   -12.147900     2.490290     0.000000
  C   -12.147900    -1.402720    -0.000000
  H   -12.147900    -2.490290    -0.000000
  C   -13.362690    -0.701360    -0.000000
  C   -13.362690     0.701360     0.000000
  H   -14.304560    -1.245150    -0.000000
  H   -14.304560     1.245150     0.000000

dodecacene
  C    14.577480     0.701360    -0.000000
  H    15.519350     1.245150    -0.000000
  C    14.577480    -0.701360     0.000000
  H    15.519350    -1.245150     0.000000
  C    13.362690     1.402720    -0.000000
  H    13.362690     2.490290    -0.000000
  C    13.362690    -1.402720     0.000000
  H    13.362690    -2.490290     0.000000
  C    12.147900    -0.701360     0.000000
  C    12.147900     0.701360    -0.000000
  C    10.933110     1.402720    -0.000000
  H    10.933110     2.490290    -0.000000
  C    10.933110    -1.402720     0.000000
  H    10.933110    -2.490290     0.000000
  C     9.718320    -0.701360     0.000000
  C     9.718320     0.701360    -0.000000
  C     8.503530     1.402720    -0.000000
  H     8.503530     2.490290    -0.000000
  C     8.503530    -1.402720     0.000000
  H     8.503530    -2.490290     0.000000
  C     7.288740    -0.701360     0.000000
  C     7.288740     0.701360    -0.000000
  C     6.073950     1.402720    -0.000000
  H     6.073950     2.490290    -0.000000
  C     6.073950    -1.402720     0.000000
  H     6.073950    -2.490290     0.000000
  C     4.859160    -0.701360     0.000000
  C     4.859160     0.701360    -0.000000
  C     3.644370     1.402720    -0.000000
  H     3.644370     2.490290    -0.000000
  C     3.644370    -1.402720     0.000000
  H     3.644370    -2.490290     0.000000
  C     2.429580    -0.701360     0.000000
  C     2.429580     0.701360    -0.000000
  C     1.214790     1.402720    -0.000000
  H     1.214790     2.490290    -0.000000
  C     1.214790    -1.402720     0.000000
  H     1.214790    -2.490290     0.000000
  C     0.000000    -0.701360     0.000000
  C    -0.000000     0.701360    -0.000000
  C    -1.214790     1.402720    -0.000000
  H    -1.214790     2.490290    -0.000000
  C    -1.214790    -1.402720     0.000000
  H    -1.214790    -2.490290     0.000000
  C    -2.429580    -0.701360     0.000000
  C    -2.429580     0.701360    -0.000000
  C    -3.644370     1.402720    -0.000000
  H    -3.644370     2.490290    -0.000000
  C    -3.644370    -1.402720     0.000000
  H    -3.644370    -2.490290     0.000000
  C    -4.859160    -0.701360     0.000000
  C    -4.859160     0.701360    -0.000000
  C    -6.073950     1.402720    -0.000000
  H    -6.073950     2.490290    -0.000000
  C    -6.073950    -1.402720     0.000000
  H    -6.073950    -2.490290     0.000000
  C    -7.288740    -0.701360     0.000000
  C    -7.288740     0.701360    -0.000000
  C    -8.503530     1.402720    -0.000000
  H    -8.503530     2.490290    -0.000000
  C    -8.503530    -1.402720     0.000000
  H    -8.503530    -2.490290     0.000000
  C    -9.718320    -0.701360     0.000000
  C    -9.718320     0.701360    -0.000000
  C   -10.933110     1.402720    -0.000000
  H   -10.933110     2.490290    -0.000000
  C   -10.933110    -1.402720     0.000000
  H   -10.933110    -2.490290     0.000000
  C   -12.147900    -0.701360     0.000000
  C   -12.147900     0.701360    -0.000000
  C   -13.362690     1.402720    -0.000000
  H   -13.362690     2.490290    -0.000000
  C   -13.362690    -1.402720     0.000000
  H   -13.362690    -2.490290     0.000000
  C   -14.577480    -0.701360     0.000000
  C   -14.577480     0.701360    -0.000000
  H   -15.519350    -1.245150     0.000000
  H   -15.519350     1.245150    -0.000000

pentadecacene
  H    17.142384    -2.246871    -0.330368
  C    15.838383    -0.518039    -0.237696
  C    14.647939    -1.260061    -0.198729
  C    15.787760     0.896713    -0.208196
  C    14.548835     1.548387    -0.140317
  C    16.980729     1.635956    -0.248029
  H    16.961182     2.719221    -0.226545
  C    18.211951     0.978707    -0.316690
  H    19.128955     1.552983    -0.347520
  C    18.262743    -0.417168    -0.345881
  H    19.219439    -0.920455    -0.399278
  C    17.082480    -1.165358    -0.306567
  C    13.407047    -0.607427    -0.131775
  C    13.358850     0.806522    -0.102497
  H    14.687519    -2.343829    -0.221814
  H    14.510741     2.632456    -0.118258
  C    12.213436    -1.346804    -0.095357
  C    12.120974     1.460143    -0.037527
  C    10.973335    -0.691631    -0.032445
  C    10.929568     0.721981    -0.003523
  H    12.249712    -2.430703    -0.118528
  H    12.084429     2.544323    -0.015973
  C     9.776171    -1.426845    -0.000876
  C     9.694699     1.380304     0.056109
  C     8.500671     0.647415     0.083917
  C     8.537801    -0.766386     0.055484
  H     9.808298    -2.510851    -0.024101
  H     9.662465     2.464659     0.076946
  C     7.269777     1.312456     0.135652
  C     7.335792    -1.495128     0.079803
  C     6.100305    -0.827166     0.127111
  C     6.071926     0.586848     0.154911
  H     7.243600     2.397017     0.155670
  H     7.361888    -2.579275     0.056660
  C     4.892501    -1.547455     0.141944
  C     4.845903     1.260539     0.196383
  C     3.661046    -0.870178     0.178036
  C     3.643157     0.544015     0.205075
  H     4.910961    -2.631746     0.119052
  H     4.827377     2.345296     0.215536
  C     2.446928    -1.580465     0.181606
  C     2.422716     1.227835     0.234401
  C     1.220554    -0.892596     0.204927
  C     1.214313     0.521707     0.231093
  H     2.456559    -2.664867     0.159157
  H     2.413049     2.312738     0.252702
  C     0.000073    -1.591930     0.196135
  C    -0.000117     1.216506     0.247104
  C    -1.220404    -0.892879     0.205920
  C    -1.214556     0.521442     0.231133
  H     0.000217    -2.676383     0.174321
  H    -0.000261     2.301471     0.264617
  C    -2.446842    -1.581027     0.184488
  C    -2.422906     1.227346     0.233521
  C    -3.660965    -0.870954     0.180863
  C    -3.643358     0.543288     0.205082
  H    -2.456232    -2.665458     0.163483
  H    -2.413480     2.312274     0.250348
  C    -4.892580    -1.548437     0.147369
  C    -4.845960     1.259693     0.194440
  C    -6.100338    -0.828235     0.131341
  C    -6.072043     0.585856     0.154570
  H    -4.910928    -2.632783     0.127308
  H    -4.827546     2.344497     0.210708
  C    -7.336092    -1.496277     0.087158
  C    -7.269632     1.311492     0.132334
  C    -8.537958    -0.767462     0.060496
  C    -8.500662     0.646437     0.082795
  C    -9.776689    -1.427854     0.007624
  C   -10.973589    -0.692403    -0.027347
  C   -10.929403     0.721321    -0.005868
  C    -9.694308     1.379515     0.051073
  C   -12.214112    -1.347373    -0.086536
  C   -13.407344    -0.607625    -0.127238
  C   -13.358512     0.806446    -0.106408
  C   -12.120328     1.459815    -0.044549
  C   -14.648682    -1.259956    -0.190336
  C   -15.838666    -0.517479    -0.234236
  C   -15.787256     0.897403    -0.213836
  C   -14.547966     1.548747    -0.149427
  C   -17.083193    -1.164444    -0.299236
  C   -18.262961    -0.415773    -0.343885
  C   -18.211308     0.980233    -0.323978
  C   -16.979694     1.637131    -0.259090
  H    -7.362263    -2.580499     0.068118
  H    -7.243379     2.396118     0.148180
  H    -9.809096    -2.511947    -0.010388
  H    -9.661793     2.463949     0.066629
  H   -12.250855    -2.431364    -0.103597
  H   -12.083316     2.544085    -0.029162
  H   -14.688865    -2.343819    -0.206663
  H   -14.509267     2.632914    -0.134165
  H   -17.143772    -2.246048    -0.315920
  H   -19.219971    -0.918780    -0.394283
  H   -19.127917     1.554890    -0.359039
  H   -16.959468     2.720505    -0.244774

20cene
  H    23.218108    -1.943502    -0.935801
  C    21.897771    -0.251619    -0.632121
  C    20.718075    -1.010720    -0.638171
  C    21.831295     1.151817    -0.456322
  C    20.586604     1.775431    -0.290770
  C    23.014453     1.907770    -0.450088
  H    22.983332     2.982660    -0.316544
  C    24.250901     1.278223    -0.617272
  H    25.160303     1.865205    -0.611955
  C    24.316810    -0.106394    -0.791596
  H    25.277287    -0.588266    -0.921046
  C    23.146703    -0.871026    -0.799277
  C    19.472112    -0.386545    -0.472232
  C    19.406689     1.016289    -0.298416
  H    20.769833    -2.085885    -0.772675
  H    20.536332     2.850889    -0.156953
  C    18.290448    -1.144290    -0.478344
  C    18.161906     1.640868    -0.135969
  C    17.044627    -0.518925    -0.315718
  C    16.981284     0.883888    -0.144926
  H    18.340329    -2.219768    -0.611147
  H    18.111747     2.716631    -0.004160
  C    15.861108    -1.274661    -0.322842
  C    15.737864     1.511430     0.012582
  C    14.555875     0.757349     0.001388
  C    14.615793    -0.646090    -0.165401
  H    15.909093    -2.350494    -0.453225
  H    15.689744     2.587667     0.141454
  C    13.314434     1.389297     0.152016
  C    13.429385    -1.398218    -0.174482
  C    12.185170    -0.764681    -0.024197
  C    12.130282     0.639547     0.137626
  H    13.269464     2.466143     0.277157
  H    13.474219    -2.474538    -0.301685
  C    10.994839    -1.511566    -0.036288
  C    10.891571     1.277638     0.279455
  C     9.752430    -0.871261     0.104859
  C     9.704327     0.533871     0.260852
  H    11.035178    -2.588484    -0.159618
  H    10.851079     2.355206     0.400141
  C     8.557166    -1.611172     0.088593
  C     8.469178     1.179916     0.391974
  C     7.317392    -0.962258     0.218585
  C     7.277882     0.443849     0.368003
  H     8.591596    -2.688769    -0.030256
  H     8.434589     2.258283     0.507563
  C     6.116268    -1.693439     0.196788
  C     6.047159     1.099624     0.486461
  C     4.880052    -1.034135     0.313509
  C     4.850885     0.372960     0.455748
  H     6.143373    -2.771757     0.082927
  H     6.019902     2.178823     0.596410
  C     3.672301    -1.754898     0.284568
  C     3.625441     1.040108     0.559478
  C     2.440623    -1.083593     0.385769
  C     2.423374     0.324441     0.520379
  H     3.690751    -2.833931     0.176088
  H     3.606862     2.120120     0.663365
  C     1.225718    -1.792430     0.347798
  C     1.204008     1.004359     0.607211
  C    -0.000423    -1.107809     0.431159
  C    -0.004479     0.301052     0.557852
  H     1.234367    -2.872125     0.244987
  H     1.195275     2.085106     0.704753
  C    -1.222693    -1.803521     0.382100
  C    -1.217066     0.994774     0.625617
  C    -2.442335    -1.104691     0.445394
  C    -2.432336     0.304836     0.564053
  C    -3.671804    -1.786526     0.383234
  C    -4.884095    -1.073132     0.424611
  C    -4.859703     0.336868     0.535295
  C    -3.637600     1.012913     0.610806
  C    -6.120213    -1.740905     0.347691
  C    -7.324509    -1.013217     0.366015
  C    -7.285979     0.397057     0.468961
  C    -6.057320     1.059275     0.559625
  C    -8.566378    -1.667392     0.273370
  C    -9.762362    -0.926338     0.268544
  C    -9.710579     0.484034     0.364178
  C    -8.475930     1.133139     0.470339
  C   -11.008839    -1.568051     0.160189
  C   -12.196644    -0.815179     0.133382
  C   -12.133094     0.595159     0.222318
  C   -10.893230     1.232512     0.343239
  H    -1.224710    -2.883783     0.285143
  H    -1.215064     2.076129     0.716695
  H    -3.684983    -2.867228     0.292222
  H    -3.624346     2.094708     0.695481
  H    -6.144604    -2.821906     0.262621
  H    -6.032751     2.141324     0.638145
  H    -8.601544    -2.748557     0.194133
  H    -8.440487     2.215265     0.543135
  H   -11.053850    -2.649271     0.086557
  C   -13.446480    -1.446182     0.010466
  C   -13.309248     1.354202     0.181010
  H   -10.847871     2.314570     0.410904
  C   -14.626762    -0.683548    -0.035837
  C   -14.553440     0.726678     0.047205
  C   -15.878751    -1.306067    -0.171079
  C   -17.052702    -0.536072    -0.233244
  C   -16.971947     0.874041    -0.155113
  C   -15.724324     1.494046    -0.011268
  C   -18.305776    -1.152678    -0.377762
  C   -19.475049    -0.377972    -0.451422
  C   -19.389270     1.032536    -0.377024
  C   -18.139050     1.647359    -0.226568
  C   -20.728466    -0.991697    -0.601873
  C   -21.893859    -0.214089    -0.682391
  C   -21.805266     1.197266    -0.610396
  C   -20.554177     1.809945    -0.456795
  C   -23.150106    -0.822277    -0.835814
  C   -24.304907    -0.038687    -0.918175
  C   -24.216478     1.353864    -0.848314
  C   -22.972902     1.972328    -0.694659
  H   -13.499950    -2.527388    -0.057936
  H   -13.255404     2.436102     0.244270
  H   -15.938926    -2.387236    -0.234798
  H   -15.663777     2.575760     0.048405
  H   -18.370631    -2.233829    -0.437537
  H   -18.073722     2.728912    -0.169607
  H   -20.796995    -2.072763    -0.658758
  H   -20.486991     2.891433    -0.401769
  H   -23.239028    -1.900549    -0.892691
  H   -25.271036    -0.511854    -1.037032
  H   -25.113808     1.955689    -0.913459
  H   -22.924038     3.053637    -0.642668

40cene
  C    48.591600     0.701360     0.000000
  H    49.533470     1.245150     0.000000
  C    48.591600    -0.701360    -0.000000
  H    49.533470    -1.245150    -0.000000
  C    47.376810     1.402720     0.000000
  H    47.376810     2.490290     0.000000
  C    47.376810    -1.402720    -0.000000
  H    47.376810    -2.490290    -0.000000
  C    46.162020    -0.701360    -0.000000
  C    46.162020     0.701360     0.000000
  C    44.947230     1.402720     0.000000
  H    44.947230     2.490290     0.000000
  C    44.947230    -1.402720    -0.000000
  H    44.947230    -2.490290    -0.000000
  C    43.732440    -0.701360    -0.000000
  C    43.732440     0.701360     0.000000
  C    42.517650     1.402720     0.000000
  H    42.517650     2.490290     0.000000
  C    42.517650    -1.402720    -0.000000
  H    42.517650    -2.490290    -0.000000
  C    41.302860    -0.701360    -0.000000
  C    41.302860     0.701360     0.000000
  C    40.088070     1.402720     0.000000
  H    40.088070     2.490290     0.000000
  C    40.088070    -1.402720    -0.000000
  H    40.088070    -2.490290    -0.000000
  C    38.873280    -0.701360    -0.000000
  C    38.873280     0.701360     0.000000
  C    37.658490     1.402720     0.000000
  H    37.658490     2.490290     0.000000
  C    37.658490    -1.402720    -0.000000
  H    37.658490    -2.490290    -0.000000
  C    36.443700    -0.701360    -0.000000
  C    36.443700     0.701360     0.000000
  C    35.228910     1.402720     0.000000
  H    35.228910     2.490290     0.000000
  C    35.228910    -1.402720    -0.000000
  H    35.228910    -2.490290    -0.000000
  C    34.014120    -0.701360    -0.000000
  C    34.014120     0.701360     0.000000
  C    32.799330     1.402720     0.000000
  H    32.799330     2.490290     0.000000
  C    32.799330    -1.402720    -0.000000
  H    32.799330    -2.490290    -0.000000
  C    31.584540    -0.701360    -0.000000
  C    31.584540     0.701360     0.000000
  C    30.369750     1.402720     0.000000
  H    30.369750     2.490290     0.000000
  C    30.369750    -1.402720    -0.000000
  H    30.369750    -2.490290    -0.000000
  C    29.154960    -0.701360    -0.000000
  C    29.154960     0.701360     0.000000
  C    27.940170     1.402720     0.000000
  H    27.940170     2.490290     0.000000
  C    27.940170    -1.402720    -0.000000
  H    27.940170    -2.490290    -0.000000
  C    26.725380    -0.701360    -0.000000
  C    26.725380     0.701360     0.000000
  C    25.510590     1.402720     0.000000
  H    25.510590     2.490290     0.000000
  C    25.510590    -1.402720    -0.000000
  H    25.510590    -2.490290    -0.000000
  C    24.295800    -0.701360    -0.000000
  C    24.295800     0.701360     0.000000
  C    23.081010     1.402720     0.000000
  H    23.081010     2.490290     0.000000
  C    23.081010    -1.402720    -0.000000
  H    23.081010    -2.490290    -0.000000
  C    21.866220    -0.701360    -0.000000
  C    21.866220     0.701360     0.000000
  C    20.651430     1.402720     0.000000
  H    20.651430     2.490290     0.000000
  C    20.651430    -1.402720    -0.000000
  H    20.651430    -2.490290    -0.000000
  C    19.436640    -0.701360    -0.000000
  C    19.436640     0.701360     0.000000
  C    18.221850     1.402720     0.000000
  H    18.221850     2.490290     0.000000
  C    18.221850    -1.402720    -0.000000
  H    18.221850    -2.490290    -0.000000
  C    17.007060    -0.701360    -0.000000
  C    17.007060     0.701360     0.000000
  C    15.792270     1.402720     0.000000
  H    15.792270     2.490290     0.000000
  C    15.792270    -1.402720    -0.000000
  H    15.792270    -2.490290    -0.000000
  C    14.577480    -0.701360    -0.000000
  C    14.577480     0.701360     0.000000
  C    13.362690     1.402720     0.000000
  H    13.362690     2.490290     0.000000
  C    13.362690    -1.402720    -0.000000
  H    13.362690    -2.490290    -0.000000
  C    12.147900    -0.701360    -0.000000
  C    12.147900     0.701360     0.000000
  C    10.933110     1.402720     0.000000
  H    10.933110     2.490290     0.000000
  C    10.933110    -1.402720    -0.000000
  H    10.933110    -2.490290    -0.000000
  C     9.718320    -0.701360    -0.000000
  C     9.718320     0.701360     0.000000
  C     8.503530     1.402720     0.000000
  H     8.503530     2.490290     0.000000
  C     8.503530    -1.402720    -0.000000
  H     8.503530    -2.490290    -0.000000
  C     7.288740    -0.701360    -0.000000
  C     7.288740     0.701360     0.000000
  C     6.073950     1.402720     0.000000
  H     6.073950     2.490290     0.000000
  C     6.073950    -1.402720    -0.000000
  H     6.073950    -2.490290    -0.000000
  C     4.859160    -0.701360    -0.000000
  C     4.859160     0.701360     0.000000
  C     3.644370     1.402720     0.000000
  H     3.644370     2.490290     0.000000
  C     3.644370    -1.402720    -0.000000
  H     3.644370    -2.490290    -0.000000
  C     2.429580    -0.701360    -0.000000
  C     2.429580     0.701360     0.000000
  C     1.214790     1.402720     0.000000
  H     1.214790     2.490290     0.000000
  C     1.214790    -1.402720    -0.000000
  H     1.214790    -2.490290    -0.000000
  C    -0.000000    -0.701360    -0.000000
  C    -0.000000     0.701360     0.000000
  C    -1.214790     1.402720     0.000000
  H    -1.214790     2.490290     0.000000
  C    -1.214790    -1.402720    -0.000000
  H    -1.214790    -2.490290    -0.000000
  C    -2.429580    -0.701360    -0.000000
  C    -2.429580     0.701360     0.000000
  C    -3.644370     1.402720     0.000000
  H    -3.644370     2.490290     0.000000
  C    -3.644370    -1.402720    -0.000000
  H    -3.644370    -2.490290    -0.000000
  C    -4.859160    -0.701360    -0.000000
  C    -4.859160     0.701360     0.000000
  C    -6.073950     1.402720     0.000000
  H    -6.073950     2.490290     0.000000
  C    -6.073950    -1.402720    -0.000000
  H    -6.073950    -2.490290    -0.000000
  C    -7.288740    -0.701360    -0.000000
  C    -7.288740     0.701360     0.000000
  C    -8.503530     1.402720     0.000000
  H    -8.503530     2.490290     0.000000
  C    -8.503530    -1.402720    -0.000000
  H    -8.503530    -2.490290    -0.000000
  C    -9.718320    -0.701360    -0.000000
  C    -9.718320     0.701360     0.000000
  C   -10.933110     1.402720     0.000000
  H   -10.933110     2.490290     0.000000
  C   -10.933110    -1.402720    -0.000000
  H   -10.933110    -2.490290    -0.000000
  C   -12.147900    -0.701360    -0.000000
  C   -12.147900     0.701360     0.000000
  C   -13.362690     1.402720     0.000000
  H   -13.362690     2.490290     0.000000
  C   -13.362690    -1.402720    -0.000000
  H   -13.362690    -2.490290    -0.000000
  C   -14.577480    -0.701360    -0.000000
  C   -14.577480     0.701360     0.000000
  C   -15.792270     1.402720     0.000000
  H   -15.792270     2.490290     0.000000
  C   -15.792270    -1.402720    -0.000000
  H   -15.792270    -2.490290    -0.000000
  C   -17.007060    -0.701360    -0.000000
  C   -17.007060     0.701360     0.000000
  C   -18.221850     1.402720     0.000000
  H   -18.221850     2.490290     0.000000
  C   -18.221850    -1.402720    -0.000000
  H   -18.221850    -2.490290    -0.000000
  C   -19.436640    -0.701360    -0.000000
  C   -19.436640     0.701360     0.000000
  C   -20.651430     1.402720     0.000000
  H   -20.651430     2.490290     0.000000
  C   -20.651430    -1.402720    -0.000000
  H   -20.651430    -2.490290    -0.000000
  C   -21.866220    -0.701360    -0.000000
  C   -21.866220     0.701360     0.000000
  C   -23.081010     1.402720     0.000000
  H   -23.081010     2.490290     0.000000
  C   -23.081010    -1.402720    -0.000000
  H   -23.081010    -2.490290    -0.000000
  C   -24.295800    -0.701360    -0.000000
  C   -24.295800     0.701360     0.000000
  C   -25.510590     1.402720     0.000000
  H   -25.510590     2.490290     0.000000
  C   -25.510590    -1.402720    -0.000000
  H   -25.510590    -2.490290    -0.000000
  C   -26.725380    -0.701360    -0.000000
  C   -26.725380     0.701360     0.000000
  C   -27.940170     1.402720     0.000000
  H   -27.940170     2.490290     0.000000
  C   -27.940170    -1.402720    -0.000000
  H   -27.940170    -2.490290    -0.000000
  C   -29.154960    -0.701360    -0.000000
  C   -29.154960     0.701360     0.000000
  C   -30.369750     1.402720     0.000000
  H   -30.369750     2.490290     0.000000
  C   -30.369750    -1.402720    -0.000000
  H   -30.369750    -2.490290    -0.000000
  C   -31.584540    -0.701360    -0.000000
  C   -31.584540     0.701360     0.000000
  C   -32.799330     1.402720     0.000000
  H   -32.799330     2.490290     0.000000
  C   -32.799330    -1.402720    -0.000000
  H   -32.799330    -2.490290    -0.000000
  C   -34.014120    -0.701360    -0.000000
  C   -34.014120     0.701360     0.000000
  C   -35.228910     1.402720     0.000000
  H   -35.228910     2.490290     0.000000
  C   -35.228910    -1.402720    -0.000000
  H   -35.228910    -2.490290    -0.000000
  C   -36.443700    -0.701360    -0.000000
  C   -36.443700     0.701360     0.000000
  C   -37.658490     1.402720     0.000000
  H   -37.658490     2.490290     0.000000
  C   -37.658490    -1.402720    -0.000000
  H   -37.658490    -2.490290    -0.000000
  C   -38.873280    -0.701360    -0.000000
  C   -38.873280     0.701360     0.000000
  C   -40.088070     1.402720     0.000000
  H   -40.088070     2.490290     0.000000
  C   -40.088070    -1.402720    -0.000000
  H   -40.088070    -2.490290    -0.000000
  C   -41.302860    -0.701360    -0.000000
  C   -41.302860     0.701360     0.000000
  C   -42.517650     1.402720     0.000000
  H   -42.517650     2.490290     0.000000
  C   -42.517650    -1.402720    -0.000000
  H   -42.517650    -2.490290    -0.000000
  C   -43.732440    -0.701360    -0.000000
  C   -43.732440     0.701360     0.000000
  C   -44.947230     1.402720     0.000000
  H   -44.947230     2.490290     0.000000
  C   -44.947230    -1.402720    -0.000000
  H   -44.947230    -2.490290    -0.000000
  C   -46.162020    -0.701360    -0.000000
  C   -46.162020     0.701360     0.000000
  C   -47.376810     1.402720     0.000000
  H   -47.376810     2.490290     0.000000
  C   -47.376810    -1.402720    -0.000000
  H   -47.376810    -2.490290    -0.000000
  C   -48.591600    -0.701360    -0.000000
  C   -48.591600     0.701360     0.000000
  H   -49.533470    -1.245150    -0.000000
  H   -49.533470     1.245150     0.000000


