O2N-(Ph)n-NH2

n=1
  N     2.944755     0.000007     0.000059
  O     3.518366     1.082021    -0.001485
  O     3.517971    -1.082218     0.001620
  C     1.492302     0.000162    -0.000029
  C     0.804120     1.208619     0.000091
  H     1.360287     2.138100    -0.000239
  C    -0.577324     1.211128     0.000273
  H    -1.092427     2.163330     0.000434
  C     0.804260    -1.208383    -0.000208
  H     1.360906    -2.137557     0.000185
  C    -0.577168    -1.211295    -0.000483
  H    -1.091634    -2.163835    -0.000675
  C    -1.308636    -0.000162    -0.000085
  N    -2.678941    -0.000048    -0.000202
  C    -3.404466     1.253428     0.000851
  H    -4.475597     1.048950    -0.003180
  H    -3.173525     1.856896    -0.886764
  H    -3.178967     1.852377     0.892988
  C    -3.404890    -1.253303    -0.000586
  H    -4.475961    -1.048502     0.003974
  H    -3.173590    -1.856640     0.887020
  H    -3.180068    -1.852428    -0.892762

n=2
  N     5.125422    -0.000000    -0.000011
  O     5.695149     1.081920    -0.000360
  O     5.695149    -1.081921     0.000402
  C     3.664099     0.000000    -0.000010
  C     2.981873     1.208583    -0.000444
  H     3.537028     2.138422    -0.000779
  C     1.596761     1.198066    -0.000439
  H     1.089430     2.154860    -0.000827
  C     2.981872    -1.208582     0.000428
  H     3.537027    -2.138422     0.000763
  C     1.596760    -1.198066     0.000425
  H     1.089429    -2.154859     0.000815
  C     0.860663     0.000001    -0.000007
  C    -0.624804     0.000001    -0.000005
  C    -1.369840    -1.187592    -0.000370
  H    -0.871533    -2.150579    -0.000709
  C    -2.753528    -1.199945    -0.000373
  H    -3.260895    -2.157160    -0.000667
  C    -1.369841     1.187593     0.000362
  H    -0.871534     2.150580     0.000699
  C    -2.753529     1.199945     0.000367
  H    -3.260897     2.157160     0.000663
  C    -3.492321     0.000000    -0.000002
  N    -4.867273    -0.000000    -0.000001
  C    -5.588818     1.253263     0.000387
  H    -6.660982     1.052319     0.000308
  H    -5.359661     1.856259    -0.888873
  H    -5.359686     1.855696     0.890035
  C    -5.588818    -1.253264    -0.000368
  H    -6.660982    -1.052321    -0.000286
  H    -5.359655    -1.856248     0.888899
  H    -5.359690    -1.855708    -0.890009

n=3
  C     1.532529    -0.000166    -0.000101
  C     0.813351     1.040859    -0.596156
  H     1.345641     1.845592    -1.095976
  C    -0.574516     1.036761    -0.601204
  H    -1.106433     1.837470    -1.106866
  C     0.813315    -1.041224     0.595858
  H     1.345559    -1.845934     1.095765
  C    -0.574554    -1.037135     0.600763
  H    -1.106509    -1.837848     1.106371
  C    -1.298673    -0.000186    -0.000244
  C    -2.779109    -0.000135    -0.000239
  C    -3.509308     1.181774     0.157015
  H    -2.982414     2.120594     0.306549
  C    -4.895152     1.192519     0.159518
  H    -5.406264     2.138014     0.297142
  C    -3.509468    -1.181959    -0.157436
  H    -2.982705    -2.120832    -0.307092
  C    -4.895316    -1.192539    -0.159749
  H    -5.406556    -2.137971    -0.297307
  C    -5.629207     0.000035    -0.000041
  N    -7.008221     0.000170     0.000076
  C    -7.728380     1.245292     0.137190
  H    -8.800136     1.051164     0.073137
  H    -7.469327     1.955447    -0.659956
  H    -7.531355     1.730944     1.103490
  C    -7.728744    -1.244810    -0.136430
  H    -8.800423    -1.050368    -0.072052
  H    -7.469641    -1.954835     0.660822
  H    -7.532224    -1.730778    -1.102670
  C     3.014307    -0.000105    -0.000001
  C     3.730190    -1.185391    -0.215855
  H     3.191510    -2.107559    -0.409913
  C     5.117068    -1.194912    -0.215092
  H     5.679536    -2.104245    -0.386779
  C     5.791171     0.000055     0.000115
  C     5.116913     1.194940     0.215282
  H     5.679256     2.104348     0.386987
  C     3.730041     1.185257     0.215936
  H     3.191242     2.107355     0.410000
  N     7.256814     0.000162     0.000158
  O     7.825048     1.067591     0.176048
  O     7.825245    -1.067150    -0.175808

n=4
  C     0.624008     0.006184     0.028100
  C     1.342464     1.134609     0.436734
  H     0.808376     2.013045     0.788524
  C     2.730699     1.134718     0.444188
  H     3.260759     2.012691     0.802387
  C     1.347983    -1.120653    -0.375256
  H     0.818387    -2.000247    -0.730917
  C     2.736162    -1.117424    -0.373304
  H     3.270488    -1.994085    -0.728354
  C     3.457588     0.009604     0.037669
  C     4.938322     0.012169     0.041006
  C     5.667185     1.139973    -0.346870
  H     5.138871     2.027539    -0.685274
  C     7.053714     1.150811    -0.352264
  H     7.561807     2.048104    -0.684756
  C     5.670059    -1.115134     0.425708
  H     5.143976    -2.007319     0.755286
  C     7.056260    -1.123084     0.428185
  H     7.567791    -2.023856     0.745793
  C     7.789278     0.017237     0.044939
  N     9.173408     0.022353     0.064035
  C     9.882712     1.152907    -0.493206
  H    10.956209     0.998856    -0.370345
  H     9.622551     2.076426     0.036923
  H     9.675208     1.301680    -1.564446
  C     9.878148    -1.231195     0.224107
  H    10.952041    -1.051663     0.150108
  H     9.686890    -1.671935     1.210067
  H     9.601107    -1.971850    -0.541443
  C    -0.858506     0.004518     0.021714
  C    -1.579251     1.133745    -0.382932
  H    -1.044536     2.013528    -0.728981
  C    -2.967262     1.133895    -0.386874
  H    -3.500224     2.014058    -0.735717
  C    -3.685852     0.000466     0.007013
  C    -2.968163    -1.130791     0.408604
  H    -3.502311    -2.012665     0.751292
  C    -1.580167    -1.126662     0.419227
  H    -1.046712    -2.004981     0.770868
  C    -5.167994    -0.001803    -0.001946
  C    -5.878879    -1.124656    -0.445631
  H    -5.338035    -1.992542    -0.809484
  C    -7.265891    -1.135257    -0.457632
  H    -7.823549    -1.994939    -0.807505
  C    -7.944460    -0.005425    -0.020580
  C    -7.274765     1.126005     0.425896
  H    -7.839372     1.984226     0.768116
  C    -5.887709     1.119006     0.432598
  H    -5.354094     1.988297     0.803689
  N    -9.410399    -0.007036    -0.031021
  O    -9.982063     1.001560     0.354816
  O    -9.974286    -1.016830    -0.425078

n=5
  C    -1.298295    -0.000209    -0.001018
  C    -0.577438    -0.646423    -1.011142
  H    -1.111167    -1.128052    -1.825487
  C     0.810890    -0.647986    -1.011334
  H     1.342891    -1.130669    -1.826454
  C     1.531330    -0.001025    -0.001914
  C     0.811838     0.646417     1.007891
  H     1.344704     1.128778     1.822624
  C    -0.576492     0.645649     1.008680
  H    -1.109365     1.127646     1.823365
  C    -2.781153     0.000048    -0.000746
  C    -3.502892    -1.143680    -0.357878
  H    -2.969638    -2.051884    -0.625569
  C    -4.891153    -1.142029    -0.361057
  H    -5.424423    -2.038708    -0.664280
  C    -3.502513     1.144004     0.356444
  H    -2.969079     2.052118     0.624059
  C    -4.890797     1.142678     0.359875
  H    -5.423840     2.039493     0.663113
  C    -5.615242     0.000418    -0.000513
  C    -7.096205     0.000373    -0.000258
  C    -7.827075     1.108769    -0.438145
  H    -7.300497     1.982726    -0.812702
  C    -9.213408     1.118285    -0.442864
  H    -9.723866     2.001063    -0.809483
  C    -7.826629    -1.108234     0.437840
  H    -7.299766    -1.982003     0.812420
  C    -9.212956    -1.118161     0.442883
  H    -9.723160    -2.001001     0.809740
  C    -9.947290    -0.000111    -0.000012
  N   -11.327193    -0.000506    -0.000199
  C   -12.047011    -1.176878     0.430145
  H   -13.118865    -1.004002     0.321656
  H   -11.786979    -2.055789    -0.175738
  H   -11.848439    -1.418073     1.484278
  C   -12.047548     1.178483    -0.422454
  H   -13.119268     1.005031    -0.313597
  H   -11.786496     2.054218     0.187721
  H   -11.850551     1.425194    -1.475520
  C     3.014294    -0.001047    -0.002169
  C     3.735197    -1.145058    -0.361740
  H     3.201176    -2.051747    -0.631014
  C     5.123241    -1.145708    -0.361773
  H     5.656377    -2.043067    -0.663113
  C     5.841406    -0.000917    -0.001561
  C     5.122995     1.143831     0.358387
  H     5.655825     2.041176     0.660276
  C     3.734984     1.143013     0.357759
  H     3.200603     2.049535     0.626879
  C     7.323723    -0.000677    -0.000922
  C     8.039305    -1.110234     0.468225
  H     7.502532    -1.968996     0.858728
  C     9.426351    -1.118554     0.471599
  H     9.987973    -1.968107     0.839577
  C    10.100429     0.000578     0.001420
  C     9.426132     1.118995    -0.470131
  H     9.987613     1.969091    -0.837042
  C     8.039111     1.109430    -0.469112
  H     7.502280     1.967726    -0.860537
  N    11.566437     0.001415     0.003070
  O    12.134204    -0.998876     0.415248
  O    12.134040     1.002338    -0.407801

n=6
  C    -0.624561    -0.002938    -0.004112
  C    -1.346649    -0.461551    -1.110774
  H    -0.814602    -0.792867    -1.998298
  C    -2.735058    -0.459395    -1.108907
  H    -3.270101    -0.788184    -1.995335
  C    -1.342937     0.456131     1.104783
  H    -0.807730     0.786706     1.990677
  C    -2.731319     0.455156     1.107353
  H    -3.263184     0.784610     1.995444
  C    -3.454747    -0.001727     0.000277
  C    -4.937746    -0.000951     0.002250
  C    -5.658255     1.058527     0.563682
  H    -5.123833     1.902545     0.991262
  C    -7.046520     1.056988     0.568914
  H    -7.579177     1.882824     1.032280
  C    -5.660902    -1.059555    -0.557434
  H    -5.128442    -1.904250    -0.986139
  C    -7.049163    -1.056258    -0.559604
  H    -7.583784    -1.881330    -1.022053
  C    -7.772080     0.000844     0.005462
  C    -9.253118     0.001853     0.006864
  C    -9.983271     1.172628    -0.217754
  H    -9.456594     2.100645    -0.424427
  C   -11.369674     1.183943    -0.220067
  H   -11.879084     2.119832    -0.417067
  C    -9.984520    -1.168076     0.231946
  H    -9.458819    -2.097070     0.436695
  C   -11.370904    -1.177619     0.235722
  H   -11.881339    -2.113231     0.431494
  C   -12.104384     0.003852     0.009365
  N   -13.484476     0.004954     0.012978
  C   -14.204157     1.236721    -0.214405
  H   -15.275979     1.047975    -0.135932
  H   -13.944410     2.000232     0.531477
  H   -14.005866     1.653921    -1.212383
  C   -14.204698    -1.234707     0.191060
  H   -15.276459    -1.042685     0.120420
  H   -13.944261    -1.972572    -0.580740
  H   -14.007186    -1.685298     1.173959
  C     0.858489    -0.003010    -0.006031
  C     1.578475    -1.074150    -0.545929
  H     1.042874    -1.925703    -0.956033
  C     2.966815    -1.074446    -0.547293
  H     3.501591    -1.911347    -0.987922
  C     3.686445    -0.003282    -0.007993
  C     2.967761     1.068144     0.532077
  H     3.503190     1.904788     0.972367
  C     1.579480     1.068145     0.532508
  H     1.044585     1.919786     0.943336
  C     5.169454    -0.003392    -0.007874
  C     5.889099    -1.162426     0.301488
  H     5.354852    -2.072309     0.559361
  C     7.277318    -1.162183     0.305353
  H     7.810098    -2.080284     0.536551
  C     7.994943    -0.002597    -0.004559
  C     7.277345     1.156463    -0.316645
  H     7.810107     2.074918    -0.546400
  C     5.889170     1.155909    -0.316100
  H     5.355000     2.065545    -0.575013
  C     9.477615    -0.001360    -0.001622
  C    10.191081    -0.672675     1.000117
  H     9.652010    -1.179176     1.794515
  C    11.578155    -0.676202     1.010480
  H    12.139095    -1.185466     1.784179
  C    12.253530     0.003272     0.005445
  C    11.581021     0.679993    -1.003708
  H    12.143982     1.191139    -1.774657
  C    10.193771     0.671843    -1.000178
  H     9.656876     1.176749    -1.797057
  N    13.719200     0.005793     0.009268
  O    14.285630    -0.595407     0.909571
  O    14.288336     0.609515    -0.887724

n=7
  C     1.298956     0.035418    -0.015816
  C     0.575687     1.061392    -0.633191
  H     1.108582     1.878864    -1.110638
  C    -0.812689     1.059510    -0.630517
  H    -1.350424     1.860036    -1.130936
  C    -1.529421     0.030589    -0.011086
  C    -0.807103    -0.995530     0.606469
  H    -1.340372    -1.797857     1.108769
  C     0.581114    -0.992708     0.604488
  H     1.118410    -1.808619     1.079638
  C    -3.012516     0.026470    -0.009557
  C    -3.736040     1.200594     0.224428
  H    -3.201944     2.125945     0.421029
  C    -5.124402     1.195581     0.228339
  H    -5.663757     2.123024     0.399857
  C    -5.839594     0.016543    -0.005073
  C    -5.116829    -1.157397    -0.241119
  H    -5.650193    -2.088692    -0.410419
  C    -3.728592    -1.152629    -0.241694
  H    -3.188589    -2.074138    -0.440146
  C    -7.322577     0.010194    -0.001891
  C    -8.040824    -0.716536    -0.957268
  H    -7.504797    -1.256663    -1.732265
  C    -9.428805    -0.725427    -0.953188
  H    -9.961511    -1.271030    -1.726910
  C   -10.148075    -0.005431     0.006324
  C    -9.431176     0.722397     0.961717
  H    -9.965595     1.261951     1.738513
  C    -8.043395     0.729596     0.957401
  H    -7.508420     1.275795     1.728857
  C   -11.630401    -0.014214     0.011169
  C   -12.352029     1.154466     0.288320
  H   -11.818384     2.080549     0.477091
  C   -13.738883     1.154247     0.296460
  H   -14.307101     2.052732     0.502305
  C   -14.406699    -0.031137     0.018597
  C   -13.726381    -1.208757    -0.262063
  H   -14.283716    -2.114773    -0.464266
  C   -12.339411    -1.191565    -0.262024
  H   -11.795209    -2.111007    -0.453099
  N   -15.873092    -0.040268     0.026220
  O   -16.435591    -1.094967    -0.227110
  O   -16.445837     1.007224     0.286490
  C     2.782095     0.035882    -0.019190
  C     3.499989     0.407103    -1.160862
  H     2.962578     0.670024    -2.067728
  C     4.888404     0.402342    -1.165072
  H     5.422108     0.660973    -2.075195
  C     3.504630    -0.337472     1.118872
  H     2.970975    -0.597483     2.028778
  C     4.892880    -0.340043     1.114944
  H     5.430363    -0.601958     2.021889
  C     5.611808     0.028214    -0.027468
  C     7.094811     0.019983    -0.031897
  C     7.811229    -1.003254     0.597652
  H     7.273220    -1.811674     1.085152
  C     9.199338    -1.010256     0.597101
  H     9.729563    -1.806851     1.111518
  C     7.821410     1.033791    -0.665079
  H     7.291506     1.848901    -1.150363
  C     9.209709     1.023192    -0.670040
  H     9.747955     1.813179    -1.186364
  C     9.928199     0.002024    -0.037783
  C    11.409409    -0.006824    -0.038497
  C    12.132546    -1.192481    -0.196004
  H    11.598103    -2.126793    -0.346707
  C    13.518891    -1.211482    -0.192057
  H    14.023722    -2.160903    -0.324679
  C    12.146892     1.168938     0.126584
  H    11.623705     2.108730     0.282811
  C    13.533553     1.169581     0.135320
  H    14.049283     2.110315     0.286702
  C    14.260634    -0.024861    -0.032423
  N    15.645800    -0.033132    -0.046106
  C    16.360392     1.167678     0.327747
  H    17.433709     0.977612     0.272719
  H    16.137748     1.988182    -0.364565
  H    16.122086     1.505814     1.348333
  C    16.340326    -1.300900     0.017759
  H    17.416449    -1.119898     0.035598
  H    16.126294    -1.913938    -0.865931
  H    16.073749    -1.885536     0.911837

n=8
  C     0.627108    -0.004061     0.015636
  C     1.350158     0.942394    -0.718021
  H     0.819940     1.679706    -1.314196
  C     2.738411     0.943705    -0.713212
  H     3.271561     1.702810    -1.278499
  C     1.347189    -0.951074     0.751505
  H     0.814602    -1.688014     1.346023
  C     2.735484    -0.953176     0.751361
  H     3.266460    -1.712647     1.318223
  C     3.458901    -0.004919     0.020296
  C    -0.856010    -0.003405     0.013502
  C    -1.578342    -1.201289    -0.009728
  H    -1.045396    -2.147228    -0.045356
  C    -2.966486    -1.200707    -0.007044
  H    -3.499124    -2.147548    -0.002319
  C    -3.687448    -0.001896     0.009886
  C    -2.965212     1.196130     0.028590
  H    -3.496928     2.143481     0.022729
  C    -1.577091     1.195274     0.034919
  H    -1.043377     2.140701     0.072190
  C     4.942063    -0.004757     0.022800
  C     5.661520    -0.286957     1.188923
  H     5.128195    -0.478138     2.115887
  C     7.049949    -0.286979     1.190967
  H     7.582177    -0.480014     2.118166
  C     7.772941    -0.002672     0.027634
  C     7.053468     0.280327    -1.138185
  H     7.588525     0.474108    -2.063601
  C     5.665092     0.278319    -1.140903
  H     5.134621     0.468731    -2.069655
  C     9.255850    -0.001542     0.029775
  C     9.976954    -0.980200     0.721512
  H     9.443011    -1.761583     1.255513
  C    11.365413    -0.978111     0.724073
  H    11.898772    -1.739741     1.286122
  C     9.977235     0.977864    -0.660624
  H     9.443294     1.758867    -1.195214
  C    11.365623     0.976910    -0.661123
  H    11.898859     1.738730    -1.223010
  C    12.089129    -0.000428     0.031867
  C    13.570318    -0.000555     0.031900
  C    14.300355    -1.188289    -0.066205
  H    13.772706    -2.132622    -0.172212
  C    15.687138    -1.198271    -0.072847
  H    16.195489    -2.149690    -0.174072
  C    14.300980     1.187487     0.123170
  H    13.773883     2.132967     0.221303
  C    15.687477     1.197218     0.120533
  H    16.197315     2.149665     0.203082
  C    16.421685    -0.001261     0.030287
  N    17.807417    -0.000249     0.048977
  C    18.514636    -1.227012    -0.246436
  H    19.588780    -1.048583    -0.170277
  H    18.261774    -2.007540     0.480195
  H    18.298698    -1.614057    -1.254772
  C    18.507492     1.255649    -0.114248
  H    19.582413     1.067662    -0.133173
  H    18.308590     1.931659     0.725867
  H    18.233395     1.776150    -1.044838
  C    -5.170725    -0.001023     0.007909
  C    -5.891704    -0.935824    -0.743337
  H    -5.358685    -1.651856    -1.362235
  C    -7.279975    -0.937733    -0.742051
  H    -7.815116    -1.656911    -1.355974
  C    -7.999334     0.001267     0.003819
  C    -7.280752     0.939068     0.751912
  H    -7.816389     1.659265     1.364224
  C    -5.892463     0.934889     0.757076
  H    -5.359985     1.649793     1.377725
  C    -9.482075     0.001893     0.001091
  C   -10.200677     1.198514    -0.089752
  H    -9.664178     2.137423    -0.192370
  C   -11.588800     1.199223    -0.094067
  H   -12.121433     2.139705    -0.203400
  C   -12.307091     0.002139    -0.007210
  C   -11.589511    -1.195083     0.084394
  H   -12.123072    -2.135409     0.190581
  C   -10.201468    -1.194574     0.088284
  H    -9.665727    -2.133576     0.193886
  C   -13.789640     0.002053    -0.012545
  C   -14.507909     0.989354     0.674994
  H   -13.972211     1.747879     1.236895
  C   -15.894828     0.998237     0.673219
  H   -16.458963     1.754288     1.204760
  C   -16.566314     0.002027    -0.023015
  C   -15.889635    -0.994270    -0.714140
  H   -16.449315    -1.750343    -1.250251
  C   -14.502662    -0.985346    -0.705432
  H   -13.962610    -1.743753    -1.263307
  N   -18.033018     0.002334    -0.028782
  O   -18.602780     0.890978     0.586303
  O   -18.598450    -0.885989    -0.648338



