thiophene
6     1.24466441   -0.04169163   -0.00000523
6    -1.24466487   -0.04169212   -0.00000089
16   -0.00000005   -1.24297642   -0.00001925
6     0.71470471    1.23933435    0.00000525
6    -0.71470511    1.23933421    0.00000739
1     1.34451518    2.15739977    0.00000346
1    -1.34451614    2.15739924    0.00000773
1     2.31181247   -0.34842016   -0.00000433
1    -2.31181235   -0.34842100   -0.00000038

thiadiazole
C      -0.71563084    0.01767714   -0.00000164
C       0.71562942    0.01767692    0.00000601
H      -1.37241614    0.91854728   -0.00000072
H       1.37241478    0.91854733    0.00000356
N      -1.26402143   -1.19678075   -0.00001163
N       1.26401984   -1.19678068    0.00001139
S      -0.00000086   -2.27413643   -0.00000095      

benzothiadiazole
C        1.12513572    0.61251811    0.00003022
C       -1.36414468   -0.69473860   -0.00000139
C       -1.29406235    0.71925449    0.00000655
C        1.03805271   -0.81395283    0.00000698
C       -0.06126176    1.37989443    0.00002546
C       -0.20265868   -1.47927824   -0.00000464
H       -2.36026441   -1.19427391   -0.00000601
H       -2.23681177    1.31270123    0.00000248
N        2.40640470    1.12692441    0.00003818
S        2.65090514   -1.48565876   -0.00001894
C        3.28130945    0.16242638    0.00001553
H        4.38480638    0.32174713    0.00001353
H        0.01510755    2.49118738    0.00002798
H       -0.26444139   -2.59176344   -0.00001352

benzothiazole
C        1.12513572    0.61251811    0.00003022
C       -1.36414468   -0.69473860   -0.00000139
C       -1.29406235    0.71925449    0.00000655
C        1.03805271   -0.81395283    0.00000698
C       -0.06126176    1.37989443    0.00002546
C       -0.20265868   -1.47927824   -0.00000464
H       -2.36026441   -1.19427391   -0.00000601
H       -2.23681177    1.31270123    0.00000248
N        2.40640470    1.12692441    0.00003818
S        2.65090514   -1.48565876   -0.00001894
C        3.28130945    0.16242638    0.00001553
H        4.38480638    0.32174713    0.00001353
H        0.01510755    2.49118738    0.00002798
H       -0.26444139   -2.59176344   -0.00001352

flourene
C    -0.73367061   -0.59060097   -0.00010261
C     0.73367272   -0.59061215   -0.00009699
C     1.18117310    0.75603208   -0.00008578
C    -1.18113098    0.75605514   -0.00009329
C     0.00002950    1.69161140   -0.00008610
H     0.00001890    2.36525576    0.89991026
H     0.00002779    2.36533715   -0.90002724
C     2.55208149    1.04677317   -0.00002686
C    -2.55204215    1.04682038   -0.00004539
C     3.47405819   -0.01747482    0.00000266
C    -3.47404053   -0.01739975   -0.00000458
C     3.02836307   -1.35549776   -0.00000820
C    -3.02839265   -1.35543973   -0.00000524
C     1.65522521   -1.65372468   -0.00005647
C    -1.65524870   -1.65369012   -0.00005270
H     2.91239131    2.10238404   -0.00001602
H    -2.91235173    2.10243293   -0.00003516
H     4.56720193    0.19893313    0.00003894
H    -4.56718896    0.19901620    0.00003091
H     3.77460009   -2.18350187    0.00003329
H    -3.77463327   -2.18343695    0.00004381
H     1.30419322   -2.71247112   -0.00005040
H    -1.30423301   -2.71244534   -0.00004026

PTCDA
C        0.723294340   1.237040898     0.000000000
C       -0.723294340  -1.237040898     0.000000000
C       -0.723294340   1.237040898     0.000000000
C        0.723294340  -1.237040898     0.000000000
C        1.408951006   0.000000000     0.000000000
C       -1.408951006   0.000000000     0.000000000
C        1.466665370   2.408281617     0.000000000
C       -1.466665370  -2.408281617     0.000000000
C       -1.466665370   2.408281617     0.000000000
C        1.466665370  -2.408281617     0.000000000
C        2.849485472   2.399709645     0.000000000
C       -2.849485472  -2.399709645     0.000000000
C       -2.849485472   2.399709645     0.000000000
C        2.849485472  -2.399709645     0.000000000
C        2.822886813   0.000000000     0.000000000
C       -2.822886813   0.000000000     0.000000000
C        3.529869293   1.206917157     0.000000000
C       -3.529869293  -1.206917157     0.000000000
C       -3.529869293   1.206917157     0.000000000
C        3.529869293  -1.206917157     0.000000000
C        4.993148253   1.223566720     0.000000000
C       -4.993148253  -1.223566720     0.000000000
C       -4.993148253   1.223566720     0.000000000
C        4.993148253  -1.223566720     0.000000000
O        5.626618724   0.000000000     0.000000000
O       -5.626618724   0.000000000     0.000000000
O        5.651535073   2.221806048     0.000000000
O       -5.651535073  -2.221806048     0.000000000
O       -5.651535073   2.221806048     0.000000000
O        5.651535073  -2.221806048     0.000000000
H        0.952340797   3.374058702     0.000000000
H        3.442535143   3.322567594     0.000000000
H       -0.952340797  -3.374058702     0.000000000
H       -3.442535143  -3.322567594     0.000000000
H       -0.952340797   3.374058702     0.000000000
H       -3.442535143   3.322567594     0.000000000
H        0.952340797  -3.374058702     0.000000000
H        3.442535143  -3.322567594     0.000000000

c60
C        0.05296838   -1.48802571   -0.79883521
C       -1.13014583   -0.64286567   -0.80009916
C        1.22368583   -0.62829832   -0.75867840
C       -0.69040189    0.74114230   -0.75933218
C        0.76356555    0.75000411   -0.73267838
C        0.04980342   -2.69885000   -0.08560265
C       -2.27470415   -1.03683442   -0.08547135
C        2.34794582   -1.00886542   -0.00404970
C       -1.41295526    1.68144200   -0.00513317
C        1.44726751    1.69902672    0.04631679
C       -1.13360524   -3.10276286    0.65121822
C        1.21223941   -3.09084956    0.69031592
C       -2.27626673   -2.28781077    0.65055546
C        2.34259818   -2.26101620    0.72981343
C       -3.01996360   -0.06421959    0.69235465
C        3.05221531   -0.02630227    0.79931216
C       -2.59537139    1.27163553    0.73187276
C        2.60871594    1.30409417    0.82431214
C       -0.70446482    2.65981974    0.80115331
C        0.69953336    2.66841393    0.82646383
C       -0.70154679   -3.74429222    1.87844879
C        0.74717509   -3.73769263    1.90257810
C       -3.02050737   -2.08755442    1.88059194
C        3.04209769   -2.05178754    1.98487188
C       -3.48043148   -0.71321143    1.90739794
C        3.48089430   -0.67045598    2.02814300
C       -2.61898266    1.99606298    1.98976740
C        2.58016353    2.03026176    2.08080729
C       -1.44978414    2.85222644    2.03116858
C        1.39992306    2.87159550    2.08087760
C       -1.42439633   -3.55450726    3.06795377
C        1.42567088   -3.53937798    3.11715861
C       -2.60432328   -2.71161967    3.07017890
C        2.59434379   -2.68187730    3.15986681
C       -3.51132047   -0.01073550    3.12439666
C        3.45917811    0.03415144    3.24477324
C       -3.06952422    1.36978738    3.16508578
C        2.99850918    1.40921228    3.27033006
C       -0.77126843    3.05204547    3.24558997
C        0.67783581    3.06241462    3.27100603
C       -0.72436288   -3.35076905    4.32223645   
C        0.67837198   -3.34238805    4.34577146
C       -2.63563779   -1.98673666    4.32690684
C        2.57134272   -1.95399097    4.41615285
C       -3.08235249   -0.65631406    4.35385846
C        2.99740827   -0.61712425    4.45833596
C       -2.36811745    1.57781503    4.41914941
C        2.25175099    1.60838311    4.49892355
C       -1.23757981    2.40708432    4.45867598
C        1.11019279    2.42354376    4.49959810
C       -1.47299824   -2.38128954    5.10180911
C        1.38634055   -2.36273222    5.15025740
C       -2.37570944    0.32662314    5.15505492
C        2.25054666    0.35687868    5.23496008
C       -0.07444586    2.01796738    5.23423061
C       -0.78997482   -1.43124972    5.88009925
C        0.66383048   -1.42184915    5.90468934
C       -1.24895214   -0.05373901    5.90498446
C        1.10355769   -0.03832912    5.94596688
C       -0.07878260    0.80735907    5.94677030

h2p
C       2.91005389    1.12159082    0.00000915
C      -2.91022190   -1.12156737    0.00001124
C       2.90898281   -1.12137354   -0.00000594
C      -2.90912123    1.12142803    0.00001241
C       4.27913940    0.69054520   -0.00002671
C      -4.27925895   -0.69048149   -0.00001150
C       4.27856845   -0.69143798   -0.00003792
C      -4.27861388    0.69151242   -0.00000923
C       1.08219040    2.82561323    0.00008280
C      -1.08234539   -2.82555443    0.00006292
C      -1.08021807    2.82499193    0.00007039
C       1.08002297   -2.82494407    0.00005859
C       0.68463228    4.22642994    0.00003248
C      -0.68477657   -4.22643891    0.00004917
C      -0.68347254    4.22592630    0.00002084
C       0.68332376   -4.22585831    0.00004896
C       2.43128156    2.43544520    0.00004193
C      -2.43148701   -2.43546714    0.00003769
C       2.42921556   -2.43489773    0.00002183
C      -2.42932894    2.43497210    0.00003247
N       2.12384356    0.00045718    0.00001149
N      -2.12403043   -0.00047893    0.00001082
N       0.00128589    1.98693473    0.00011510
N      -0.00142542   -1.98683905    0.00007077
H       5.15064308    1.37364406   -0.00003054
H      -5.15087796   -1.37352546   -0.00001852
H       5.14957175   -1.37507593   -0.00005430
H      -5.14966803    1.37520715   -0.00000788
H       1.37833700    5.09065386    0.00001508
H      -1.37849622   -5.09065777    0.00001619
H      -1.37811391    5.08954555   -0.00001362
H       1.37800726   -5.08941060    0.00001860
H       3.19505312    3.24152017    0.00001965
H      -3.19516069   -3.24159136    0.00001773
H       3.19256648   -3.24131086   -0.00000360
H      -3.19268561    3.24138319    0.00000627
H       1.08088079    0.00101776    0.00003556
H      -1.08099710   -0.00108516    0.00004526

h2tpp
C        2.89218705    1.12026245    0.00002258
C       -2.89216351   -1.12024624    0.00000992
C        2.89198662   -1.12030324    0.00001205
C       -2.89195167    1.12034332    0.00001925
C        4.26122756    0.69073132    0.00003180
C       -4.26123061   -0.69068183    0.00000540
C        4.26108844   -0.69097953    0.00002292
C       -4.26111066    0.69101920    0.00001670
C        1.08083816    2.83706820   -0.00004017
C       -1.08074821   -2.83693835   -0.00002472
C       -1.08046760    2.83705912   -0.00004162
C        1.08057496   -2.83702905   -0.00002925
C        0.68424886    4.23797893   -0.00003235
C       -0.68419975   -4.23790556   -0.00001444
C       -0.68393877    4.23798126   -0.00003094
C        0.68397106   -4.23792394   -0.00001793
C        2.43788618    2.44952392   -0.00000767
C       -2.43782733   -2.44944973   -0.00000625
C        2.43760609   -2.44951240   -0.00000972
C       -2.43755947    2.44955469   -0.00000922
N        2.10212958    0.00003981    0.00001725
N       -2.10210614   -0.00001891    0.00001593
N        0.00016032    1.99635004   -0.00004660
N       -0.00017097   -1.99636074   -0.00003281
H        5.12553951    1.38312655    0.00002008
H       -5.12556154   -1.38303551   -0.00002047
H        5.12532840   -1.38342877    0.00000465
H       -5.12530511    1.38356703    0.00000323
H        1.38210597    5.09857233   -0.00000262
H       -1.38208193   -5.09847314    0.00000254
H       -1.38175895    5.09860553   -0.00000202
H        1.38173915   -5.09853720   -0.00000546
H        1.06047441    0.00026417   -0.00000086
H       -1.06042487   -0.00023616    0.00000410
C        3.48443230    3.50813719   -0.00000320
C        5.48331501    5.49306210   -0.00000189
H        6.27244153    6.27578966   -0.00000144
C        3.99028052    4.00918285    1.21291927
C        3.99027833    4.00918605   -1.21292444
H        3.58684169    3.60836706    2.16878616
H        3.58683852    3.60836919   -2.16878839
C        4.98448538    4.99716752    1.21306487
C        4.98448568    4.99716835   -1.21306871
H        5.37660311    5.38613914    2.17759384
H        5.37660468    5.38613846   -2.17759714
C       -3.48413047    3.50817804   -0.00000103
C       -5.48316413    5.49295696    0.00000096
H       -6.27236659    6.27557415    0.00000060
C       -3.98997410    4.00919181    1.21292441
C       -3.98997448    4.00919613   -1.21292760
H       -3.58646864    3.60845232    2.16879635
H       -3.58646951    3.60845648   -2.16879796
C       -4.98425574    4.99709200    1.21305297
C       -4.98425647    4.99709139   -1.21305437
H       -5.37637533    5.38605396    2.17760442
H       -5.37638021    5.38605240   -2.17760388
C       -3.48440751   -3.50808058   -0.00000696
C       -5.48327585   -5.49303684   -0.00000401
H       -6.27241102   -6.27576981   -0.00000306
C       -3.99025202   -4.00912072    1.21291819
C       -3.99025150   -4.00912302   -1.21293081
H       -3.58681887   -3.60831908    2.16877319
H       -3.58682001   -3.60832314   -2.16878764
C       -4.98443979   -4.99710748    1.21305959
C       -4.98444186   -4.99710763   -1.21306874
H       -5.37655230   -5.38609962    2.17759066
H       -5.37655632   -5.38609993   -2.17759853
C        3.48413555   -3.50810801   -0.00000421
C        5.48315387   -5.49293952    0.00000179
H        6.27233876   -6.27557436    0.00000361
C        3.98997965   -4.00913831    1.21288866
C        3.98998356   -4.00914235   -1.21289302
H        3.58648931   -3.60841771    2.16876518
H        3.58649319   -3.60841979   -2.16877041
C        4.98424589   -4.99706281    1.21304875
C        4.98424938   -4.99706424   -1.21304898
H        5.37635491   -5.38604684    2.17760538
H        5.37636292   -5.38604914   -2.17760225

h2pc
C       -1.21883170    2.78997395    0.00016191
N       -0.13113096    1.95187426    0.00010887
C       -0.81192527    4.20006064    0.00017665
N       -2.51483105    2.46262089    0.00015922
C        0.97409655    2.76526046    0.00009866
C        0.59677408    4.18521913    0.00014504
N        2.26302784    2.41416987    0.00002854
C        1.34234525    5.37291561    0.00004777
C       -1.53518137    5.40128016    0.00010508
H        2.45673216    5.34478022    0.00001708
H       -2.65014175    5.39331040    0.00011008
C       -0.79261581    6.59603548   -0.00000735
C        0.62292799    6.58191115   -0.00003278
H        1.17394644    7.55096515   -0.00013860
H       -1.32446863    7.57575794   -0.00009714
H        1.07375870   -7.49462238    0.00008781
H       -1.42458078   -7.46292906   -0.00005326
H        7.42593735    1.31154578    0.00001231
H        7.45153877   -1.18994160    0.00008916
H       -7.68164933    1.29237080   -0.00001175
H       -7.66661148   -1.20948736   -0.00017214
C       -2.90442578   -1.07226431   -0.00006912
N       -2.14059060    0.07328113    0.00004336
H       -1.09700861    0.11347119    0.00005609
C       -4.29862038   -0.64771712   -0.00007841
N       -2.50209018   -2.32807167   -0.00012766
C       -2.92032483    1.20720708    0.00009557
C       -4.30830382    0.76958292    0.00002602
C       -5.51212567    1.49414075    0.00004543
C       -5.49433347   -1.38578298   -0.00015554
H       -5.49966723    2.60841340    0.00011056
H       -5.46924439   -2.49988327   -0.00022402
C       -6.69586049   -0.66225231   -0.00012697
C       -6.70474090    0.75646531   -0.00002731
C        0.98133988   -2.70707980   -0.00004089
N       -0.10650666   -1.86824378   -0.00010004
C        0.57233725   -4.11690823    0.00000183
N        2.27793331   -2.37983134   -0.00004073
C       -1.21285722   -2.67984873   -0.00011434
C       -0.83633830   -4.09925420   -0.00006663
C       -1.58546048   -5.28432702   -0.00007657
C        1.29118413   -5.32108627    0.00007716
H       -2.69968386   -5.25183368   -0.00012693
H        2.40598134   -5.31803350    0.00014837
C        0.54484495   -6.51356671    0.00005646
C       -0.87051058   -6.49564848   -0.00003065
C        2.66510860    1.15776515   -0.00005173
N        1.90327867    0.01040712   -0.00007026
H        0.85978747   -0.03294924   -0.00006415
C        4.05997857    0.73467831   -0.00009142
C        2.68463328   -1.12399110   -0.00007118
C        4.07317472   -0.68327675   -0.00008050
C        5.28156017   -1.40141521   -0.00001150
C        5.25260422    1.47780606   -0.00006715
H        5.27665802   -2.51585279    0.00003250
H        5.22187056    2.59209060   -0.00007320
C        6.45755785    0.75993187   -0.00001360
C        6.47167366   -0.65866297    0.00002284

