aminobenzonitrile
  C    -0.000000    -0.000000     1.711853
  C     1.205623     0.000000     0.995504
  C    -1.205623    -0.000000     0.995504
  C     0.000000     0.000000    -1.096650
  C     1.203091     0.000000    -0.386728
  C    -1.203091    -0.000000    -0.386728
  C     0.000000     0.000000    -2.521976
  N    -0.000000    -0.000000     3.077392
  N     0.000000     0.000000    -3.685123
  H     2.141980     0.000000     1.530827
  H    -2.141980    -0.000000     1.530827
  H     2.136312     0.000000    -0.925420
  H    -2.136312    -0.000000    -0.925420
  H    -0.858204    -0.000000     3.589308
  H     0.858204     0.000000     3.589308

aniline
  C    -0.000000    -0.000000     0.936726
  C     1.202905     0.000000     0.221351
  C    -1.202905    -0.000000     0.221351
  C     0.000000     0.000000    -1.876651
  C     1.197674     0.000000    -1.167052
  C    -1.197674    -0.000000    -1.167052
  N    -0.000000    -0.000000     2.310403
  H     2.137783     0.000000    -1.695671
  H    -2.137783    -0.000000    -1.695671
  H     0.000000     0.000000    -2.953450
  H     2.138937     0.000000     0.758782
  H    -2.138937    -0.000000     0.758782
  H    -0.857995    -0.000000     2.821183
  H     0.857995     0.000000     2.821183

azulene
  C    -0.000000    -0.000000     2.699393
  C     1.147253     0.000000     1.891908
  C    -1.147253    -0.000000     1.891908
  C     0.743815     0.000000     0.550615
  C    -0.743815    -0.000000     0.550615
  C     0.000000     0.000000    -2.493604
  C     1.262551     0.000000    -1.902660
  C    -1.262551    -0.000000    -1.902660
  C     1.588370     0.000000    -0.547781
  C    -1.588370    -0.000000    -0.547781
  H    -0.000000    -0.000000     3.775781
  H     2.167806     0.000000     2.232846
  H    -2.167806    -0.000000     2.232846
  H     0.000000     0.000000    -3.574767
  H     2.098267     0.000000    -2.586688
  H    -2.098267    -0.000000    -2.586688
  H     2.646136     0.000000    -0.316524
  H    -2.646136    -0.000000    -0.316524

benzonitrile
  C    -0.000000    -0.000000     2.035302
  C    -0.000000    -0.000000     0.604948
  C     1.210548     0.000000    -0.089930
  C    -1.210548    -0.000000    -0.089930
  C     0.000000     0.000000    -2.173187
  C     1.206839     0.000000    -1.478459
  C    -1.206839    -0.000000    -1.478459
  N    -0.000000    -0.000000     3.197491
  H     2.137508     0.000000     0.458673
  H    -2.137508    -0.000000     0.458673
  H     2.140821     0.000000    -2.015392
  H    -2.140821    -0.000000    -2.015392
  H     0.000000     0.000000    -3.250706

benzothiadiazole
  S     0.000000     0.000000     2.250730
  N     1.259415     0.000000     1.213609
  N    -1.259415    -0.000000     1.213609
  C     0.716848     0.000000    -0.013478
  C    -0.716848    -0.000000    -0.013478
  C     1.432000     0.000000    -1.238571
  C    -1.432000    -0.000000    -1.238571
  C     0.714202     0.000000    -2.401860
  C    -0.714202    -0.000000    -2.401860
  H     2.508571     0.000000    -1.229980
  H    -2.508571    -0.000000    -1.229980
  H     1.231083     0.000000    -3.347666
  H    -1.231083    -0.000000    -3.347666


dimethylaniline
  C     0.000000     0.000000     2.641975
  C     1.194376     0.000000     1.929976
  C    -1.194376     0.000000     1.929976
  C     1.203416     0.000000     0.541962
  C    -1.203416     0.000000     0.541962
  C     0.000000     0.000000    -0.185324
  C     1.249595     0.000000    -2.275996
  C    -1.249595     0.000000    -2.275996
  N     0.000000     0.000000    -1.557595
  H     2.148048     0.000000     0.027674
  H    -2.148048     0.000000     0.027674
  H     2.136133     0.000000     2.456049
  H    -2.136133     0.000000     2.456049
  H     0.000000     0.000000     3.718682
  H     1.042587     0.000000    -3.341347
  H    -1.042587     0.000000    -3.341347
  H     1.851065    -0.883490    -2.047868
  H     1.851065     0.883490    -2.047868
  H    -1.851065     0.883490    -2.047868
  H    -1.851065    -0.883490    -2.047868

nitroaniline
  C    -0.000000     0.000000     2.072602
  C     1.206886    -0.000000     1.357659
  C    -1.206886     0.000000     1.357659
  C     0.000000    -0.000000    -0.705894
  C     1.208156    -0.000000    -0.024177
  C    -1.208156     0.000000    -0.024177
  N     0.000000    -0.000000    -2.160649
  N    -0.000000     0.000000     3.436958
  O     1.084539    -0.000000    -2.728763
  O    -1.084539     0.000000    -2.728763
  H     2.142105    -0.000000     1.894160
  H    -2.142105     0.000000     1.894160
  H     2.127465    -0.000000    -0.581078
  H    -2.127465     0.000000    -0.581078
  H    -0.857967     0.000000     3.948922
  H     0.857967    -0.000000     3.948922

nitrodimethylaniline
  C     0.000000    -0.000000     1.307974
  C     1.208042     0.000000     0.579861
  C    -1.208042    -0.000000     0.579861
  C    -0.000000     0.000000    -1.486611
  C     1.205579     0.000000    -0.801815
  C    -1.205579    -0.000000    -0.801815
  C     1.251526     0.000000     3.393204
  C    -1.251526    -0.000000     3.393204
  N     0.000000    -0.000000     2.670189
  N    -0.000000     0.000000    -2.939973
  O     1.084589     0.000000    -3.508886
  O    -1.084589    -0.000000    -3.508886
  H     2.152075     0.000000     1.093543
  H    -2.152075    -0.000000     1.093543
  H     2.126799     0.000000    -1.356142
  H    -2.126799    -0.000000    -1.356142
  H     1.041018     0.000000     4.457211
  H    -1.041018    -0.000000     4.457211
  H     1.849465     0.884351     3.164569
  H     1.849465    -0.884351     3.164569
  H    -1.849465    -0.884351     3.164569
  H    -1.849465     0.884351     3.164569


phthalazine
  C    -0.700945     0.000000    -0.010869
  C     0.700945    -0.000000    -0.010869
  C    -1.404894    -0.000000     1.209204
  C     1.404894    -0.000000     1.209204
  C    -0.706507    -0.000000     2.393757
  C     0.706507    -0.000000     2.393757
  C    -1.321917     0.000000    -1.285900
  C     1.321917     0.000000    -1.285900
  N    -0.685683     0.000000    -2.430814
  N     0.685683     0.000000    -2.430814
  H    -2.484008    -0.000000     1.201552
  H     2.484008    -0.000000     1.201552
  H    -1.235833    -0.000000     3.332540
  H     1.235833    -0.000000     3.332540
  H    -2.401740     0.000000    -1.355555
  H     2.401740     0.000000    -1.355555

quinoxaline
  C    -0.708217    -0.000000    -0.043106
  C     0.708217     0.000000    -0.043106
  C    -1.404008    -0.000000     1.186577
  C     1.404008    -0.000000     1.186577
  C    -0.707605    -0.000000     2.368341
  C     0.707605    -0.000000     2.368341
  C    -0.708762     0.000000    -2.308751
  C     0.708762     0.000000    -2.308751
  N    -1.420364     0.000000    -1.205153
  N     1.420364     0.000000    -1.205153
  H    -2.481396    -0.000000     1.157875
  H     2.481396    -0.000000     1.157875
  H    -1.238131    -0.000000     3.306541
  H     1.238131    -0.000000     3.306541
  H    -1.245524     0.000000    -3.246714
  H     1.245524     0.000000    -3.246714

twisted_dmabn
  C    -0.000000    -0.000000     0.902669
  C     1.202424     0.000000     0.191925
  C    -1.202424    -0.000000     0.191925
  C     0.000000     0.000000    -1.892391
  C     1.208272     0.000000    -1.194894
  C    -1.208272    -0.000000    -1.194894
  C     0.000000     0.000000    -3.322431
  C     0.000000    -1.265748     2.996297
  C    -0.000000     1.265748     2.996297
  N    -0.000000    -0.000000     2.309251
  N     0.000000     0.000000    -4.483518
  H     2.131409     0.000000     0.738864
  H    -2.131409    -0.000000     0.738864
  H     2.136840     0.000000    -1.741049
  H    -2.136840    -0.000000    -1.741049
  H     0.000000    -1.086179     4.068600
  H    -0.000000     1.086179     4.068600
  H     0.882974    -1.867568     2.760007
  H    -0.882974    -1.867568     2.760007
  H    -0.882974     1.867568     2.760007
  H     0.882974     1.867568     2.760007

dipeptide
  C     2.333868    -0.167117    -0.000000
  C     3.382368     0.924771    -0.000000
  C    -0.046988    -0.662667    -0.000000
  C    -1.349036     0.126662     0.000000
  C    -3.785482     0.015909     0.000000
  O     2.606985    -1.372335    -0.000000
  O    -1.371027     1.363231     0.000000
  N     1.045854     0.271224    -0.000000
  N    -2.479632    -0.620336     0.000000
  H     0.789118     1.252854     0.000000
  H     3.281232     1.559642    -0.885009
  H     3.281232     1.559642     0.885009
  H     4.366993     0.458591    -0.000000
  H    -0.001219    -1.318485    -0.879466
  H    -0.001219    -1.318485     0.879466
  H    -2.412612    -1.628828    -0.000000
  H    -3.906639     0.643797    -0.885552
  H    -3.906639     0.643797     0.885552
  H    -4.549835    -0.761261     0.000000

beta-dipeptide
  C     4.176665    -0.794878    -0.000000
  C     2.968277     0.119136     0.000000
  C     0.523442     0.276941     0.000000
  C    -0.671636    -0.661542    -0.000000
  C    -1.983922     0.110074     0.000000
  C    -4.439488    -0.120887    -0.000000
  O     3.073398     1.347782     0.000000
  O    -2.023612     1.342429     0.000000
  N    -3.100112    -0.676812    -0.000000
  N     1.753092    -0.500351    -0.000000
  H     3.921921    -1.857687    -0.000000
  H     4.782444    -0.572857     0.881180
  H     4.782444    -0.572857    -0.881180
  H     1.704302    -1.509374    -0.000000
  H     0.495403     0.931437     0.875314
  H     0.495403     0.931437    -0.875314
  H    -0.641583    -1.314718     0.882224
  H    -0.641583    -1.314718    -0.882224
  H    -2.986656    -1.681388    -0.000000
  H    -4.334141     0.963260     0.000000
  H    -4.993559    -0.428571     0.891259
  H    -4.993559    -0.428571    -0.891259

PP
  C     0.000000     0.000000     0.409802
  C     1.200975     0.000000     1.118907
  C    -1.200975     0.000000     1.118907
  C     0.000000     0.000000     3.214405
  C     1.196938     0.000000     2.507677
  C    -1.196938     0.000000     2.507677
  C     1.117566     0.000000    -1.808159
  C    -1.117566     0.000000    -1.808159
  C     0.711521     0.000000    -3.115956
  C    -0.711521     0.000000    -3.115956
  N     0.000000     0.000000    -0.998381
  H     2.140679     0.000000     0.596774
  H    -2.140679     0.000000     0.596774
  H     2.137446     0.000000     3.034228
  H    -2.137446     0.000000     3.034228
  H     0.000000     0.000000     4.291289
  H     2.106093     0.000000    -1.399375
  H    -2.106093     0.000000    -1.399375
  H     1.359951     0.000000    -3.970375
  H    -1.359951     0.000000    -3.970375


dmabn
  C     0.925803    -0.000040     0.105642
  C     0.192469     1.207609     0.078258
  C     0.192633    -1.207806     0.078306
  C    -1.195653    -1.207910     0.028191
  C    -1.195825     1.207544     0.028161
  C    -1.906608    -0.000246     0.007454
  C    -3.338070    -0.000221    -0.049475
  C     3.015523     1.233598    -0.120151
  C     3.015774    -1.233252    -0.120274
  N     2.313031     0.000081     0.203665
  N    -4.521147     0.000456    -0.095933
  H    -1.735208     2.151378     0.004721
  H     0.701965     2.164048     0.084172
  H     0.702265    -2.164191     0.084212
  H    -1.734882    -2.151836     0.004819
  H     2.732790     2.027390     0.575203
  H     2.823568     1.579075    -1.146895
  H     4.086328     1.062830    -0.002381
  H     2.733975    -2.026945     0.575579
  H     2.823131    -1.579173    -1.146742
  H     4.086609    -1.061988    -0.003485




