naphthalene
  C     2.429580     0.701360    -0.000000
  H     3.371450     1.245150    -0.000000
  C     2.429580    -0.701360     0.000000
  H     3.371450    -1.245150     0.000000
  C     1.214790     1.402720    -0.000000
  H     1.214790     2.490290    -0.000000
  C     1.214790    -1.402720     0.000000
  H     1.214790    -2.490290     0.000000
  C    -0.000000    -0.701360     0.000000
  C     0.000000     0.701360    -0.000000
  C    -1.214790     1.402720    -0.000000
  H    -1.214790     2.490290    -0.000000
  C    -1.214790    -1.402720     0.000000
  H    -1.214790    -2.490290     0.000000
  C    -2.429580    -0.701360     0.000000
  C    -2.429580     0.701360    -0.000000
  H    -3.371450    -1.245150     0.000000
  H    -3.371450     1.245150    -0.000000

anthracene
  C     3.644370     0.701360    -0.000000
  H     4.586240     1.245150    -0.000000
  C     3.644370    -0.701360     0.000000
  H     4.586240    -1.245150     0.000000
  C     2.429580     1.402720    -0.000000
  H     2.429580     2.490290    -0.000000
  C     2.429580    -1.402720     0.000000
  H     2.429580    -2.490290     0.000000
  C     1.214790    -0.701360     0.000000
  C     1.214790     0.701360    -0.000000
  C     0.000000     1.402720    -0.000000
  H    -0.000000     2.490290    -0.000000
  C     0.000000    -1.402720     0.000000
  H     0.000000    -2.490290     0.000000
  C    -1.214790    -0.701360     0.000000
  C    -1.214790     0.701360    -0.000000
  C    -2.429580     1.402720    -0.000000
  H    -2.429580     2.490290    -0.000000
  C    -2.429580    -1.402720     0.000000
  H    -2.429580    -2.490290     0.000000
  C    -3.644370    -0.701360     0.000000
  C    -3.644370     0.701360    -0.000000
  H    -4.586240    -1.245150     0.000000
  H    -4.586240     1.245150    -0.000000

tetracene
  C     4.859160     0.701360    -0.000000
  H     5.801030     1.245150    -0.000000
  C     4.859160    -0.701360     0.000000
  H     5.801030    -1.245150     0.000000
  C     3.644370     1.402720    -0.000000
  H     3.644370     2.490290    -0.000000
  C     3.644370    -1.402720     0.000000
  H     3.644370    -2.490290     0.000000
  C     2.429580    -0.701360     0.000000
  C     2.429580     0.701360    -0.000000
  C     1.214790     1.402720    -0.000000
  H     1.214790     2.490290    -0.000000
  C     1.214790    -1.402720     0.000000
  H     1.214790    -2.490290     0.000000
  C    -0.000000    -0.701360     0.000000
  C    -0.000000     0.701360    -0.000000
  C    -1.214790     1.402720    -0.000000
  H    -1.214790     2.490290    -0.000000
  C    -1.214790    -1.402720     0.000000
  H    -1.214790    -2.490290     0.000000
  C    -2.429580    -0.701360     0.000000
  C    -2.429580     0.701360    -0.000000
  C    -3.644370     1.402720    -0.000000
  H    -3.644370     2.490290    -0.000000
  C    -3.644370    -1.402720     0.000000
  H    -3.644370    -2.490290     0.000000
  C    -4.859160    -0.701360     0.000000
  C    -4.859160     0.701360    -0.000000
  H    -5.801030    -1.245150     0.000000
  H    -5.801030     1.245150    -0.000000

pentacene
  C     6.073950     0.701360    -0.000000
  H     7.015820     1.245150    -0.000000
  C     6.073950    -0.701360     0.000000
  H     7.015820    -1.245150     0.000000
  C     4.859160     1.402720    -0.000000
  H     4.859160     2.490290    -0.000000
  C     4.859160    -1.402720     0.000000
  H     4.859160    -2.490290     0.000000
  C     3.644370    -0.701360     0.000000
  C     3.644370     0.701360    -0.000000
  C     2.429580     1.402720    -0.000000
  H     2.429580     2.490290    -0.000000
  C     2.429580    -1.402720     0.000000
  H     2.429580    -2.490290     0.000000
  C     1.214790    -0.701360     0.000000
  C     1.214790     0.701360    -0.000000
  C     0.000000     1.402720    -0.000000
  H     0.000000     2.490290    -0.000000
  C    -0.000000    -1.402720     0.000000
  H     0.000000    -2.490290     0.000000
  C    -1.214790    -0.701360     0.000000
  C    -1.214790     0.701360    -0.000000
  C    -2.429580     1.402720    -0.000000
  H    -2.429580     2.490290    -0.000000
  C    -2.429580    -1.402720     0.000000
  H    -2.429580    -2.490290     0.000000
  C    -3.644370    -0.701360     0.000000
  C    -3.644370     0.701360    -0.000000
  C    -4.859160     1.402720    -0.000000
  H    -4.859160     2.490290    -0.000000
  C    -4.859160    -1.402720     0.000000
  H    -4.859160    -2.490290     0.000000
  C    -6.073950    -0.701360     0.000000
  C    -6.073950     0.701360    -0.000000
  H    -7.015820    -1.245150     0.000000
  H    -7.015820     1.245150    -0.000000

hexacene
  C     7.288740     0.701360    -0.000000
  H     8.230610     1.245150    -0.000000
  C     7.288740    -0.701360     0.000000
  H     8.230610    -1.245150     0.000000
  C     6.073950     1.402720    -0.000000
  H     6.073950     2.490290    -0.000000
  C     6.073950    -1.402720     0.000000
  H     6.073950    -2.490290     0.000000
  C     4.859160    -0.701360     0.000000
  C     4.859160     0.701360    -0.000000
  C     3.644370     1.402720    -0.000000
  H     3.644370     2.490290    -0.000000
  C     3.644370    -1.402720     0.000000
  H     3.644370    -2.490290     0.000000
  C     2.429580    -0.701360     0.000000
  C     2.429580     0.701360    -0.000000
  C     1.214790     1.402720    -0.000000
  H     1.214790     2.490290    -0.000000
  C     1.214790    -1.402720     0.000000
  H     1.214790    -2.490290     0.000000
  C    -0.000000    -0.701360     0.000000
  C     0.000000     0.701360    -0.000000
  C    -1.214790     1.402720    -0.000000
  H    -1.214790     2.490290    -0.000000
  C    -1.214790    -1.402720     0.000000
  H    -1.214790    -2.490290     0.000000
  C    -2.429580    -0.701360     0.000000
  C    -2.429580     0.701360    -0.000000
  C    -3.644370     1.402720    -0.000000
  H    -3.644370     2.490290    -0.000000
  C    -3.644370    -1.402720     0.000000
  H    -3.644370    -2.490290     0.000000
  C    -4.859160    -0.701360     0.000000
  C    -4.859160     0.701360    -0.000000
  C    -6.073950     1.402720    -0.000000
  H    -6.073950     2.490290    -0.000000
  C    -6.073950    -1.402720     0.000000
  H    -6.073950    -2.490290     0.000000
  C    -7.288740    -0.701360     0.000000
  C    -7.288740     0.701360    -0.000000
  H    -8.230610    -1.245150     0.000000
  H    -8.230610     1.245150    -0.000000
